5 101 10060
1 3 9
1 3 11
1 3 23
1 3 98
1 9 11
1 9 23
1 65 98
1 11 98
1 11 23
1 23 65
1 65 77
1 65 9
1 77 3
1 77 9
1 77 98
1 28 46
1 85 31
1 95 30
1 58 83
1 89 42
1 35 40
1 74 31
1 82 93
1 61 67
1 50 96
1 91 63
1 18 69
1 7 90
1 76 8
1 44 47
1 44 39
1 6 25
1 81 78
1 11 26
1 21 44
1 17 50
1 13 89
1 26 95
1 37 97
1 90 17
1 31 33
1 72 10
1 32 88
1 36 97
1 68 13
1 75 84
1 49 86
1 61 96
1 77 2
1 76 54
1 4 51
1 53 98
1 42 45
1 50 85
1 31 60
1 7 12
1 44 72
1 76 62
1 62 52
1 92 66
1 11 22
1 8 98
1 14 43
1 80 37
1 78 41
1 14 63
1 28 79
1 97 72
1 68 43
1 33 6
1 50 55
1 66 80
1 47 86
1 98 36
1 1 81
1 67 49
1 42 93
1 79 61
1 67 87
1 58 15
1 26 49
1 77 27
1 36 92
1 58 21
1 94 35
1 93 45
1 85 22
1 72 42
1 99 96
1 43 14
1 51 45
1 39 58
1 7 99
1 27 24
1 32 75
1 9 18
1 1 4
1 14 57
1 5 69
1 45 38
1 66 2
1 77 55
1 75 57
1 93 100
1 24 39
1 8 21
1 22 65
1 19 62
1 56 70
1 9 50
1 45 82
1 56 51
1 16 83
1 15 85
1 96 90
1 86 26
1 64 67
1 65 64
1 64 68
1 9 82
1 41 10
1 30 20
1 69 9
1 6 74
1 17 9
1 28 16
1 100 6
1 98 58
1 71 14
1 14 58
1 8 28
1 42 16
1 75 81
1 34 8
1 15 75
1 12 28
1 29 78
1 14 36
1 12 77
1 32 26
1 67 14
1 73 97
1 38 22
1 41 72
1 32 18
1 11 33
1 31 39
1 24 73
1 62 80
1 40 63
1 59 99
1 59 90
1 34 40
1 26 73
1 16 45
1 16 61
1 63 22
1 33 74
1 5 53
1 74 36
1 78 80
1 38 86
1 42 82
1 60 84
1 39 11
1 21 96
1 59 63
1 24 87
1 13 32
1 78 1
1 71 17
1 61 20
1 76 26
1 60 17
1 48 83
1 85 99
1 99 41
1 17 81
1 51 23
1 28 94
1 45 51
1 96 94
1 94 6
1 34 9
1 88 44
1 71 9
1 64 42
1 87 39
1 5 94
1 97 66
1 65 18
1 66 22
1 50 56
1 54 63
1 30 84
1 8 43
1 7 65
1 14 23
1 39 100
1 13 11
1 15 88
1 36 43
1 40 91
1 17 65
1 36 68
1 71 62
1 55 8
1 11 42
1 91 44
1 86 79
1 55 23
1 62 3
1 61 32
1 36 88
1 27 16
1 29 14
1 62 36
1 14 65
1 4 78
1 69 41
1 57 67
1 23 79
1 21 32
1 45 69
1 44 34
1 12 89
1 98 80
1 16 63
1 77 6
1 21 7
1 49 24
1 10 3
1 5 50
1 31 1
1 56 75
1 22 65
1 3 99
1 58 48
1 32 38
1 8 33
1 92 29
1 2 7
1 84 22
1 47 94
1 17 88
1 39 84
1 21 26
1 20 72
1 7 66
1 89 92
1 64 96
1 30 18
1 66 19
1 43 83
1 25 73
1 47 79
1 65 36
1 19 17
1 55 74
1 70 37
1 64 90
1 96 35
1 37 76
1 73 10
1 97 91
1 93 94
1 3 5
1 65 14
1 32 80
1 74 39
1 99 41
1 78 82
1 20 93
1 16 13
1 81 32
1 98 79
1 26 25
1 88 35
1 50 86
1 92 22
1 62 50
1 12 74
1 67 71
1 23 45
1 90 17
1 91 76
1 97 63
1 49 76
1 13 7
1 36 70
1 45 3
1 96 92
1 82 83
1 58 70
1 26 9
1 36 70
1 88 77
1 35 89
1 25 96
1 85 96
1 98 59
1 18 72
1 87 11
1 78 92
1 50 43
1 50 64
1 60 4
1 75 71
1 57 37
1 29 66
1 77 86
1 58 29
1 98 64
1 70 16
1 8 9
1 33 83
1 89 15
1 69 66
1 28 92
1 36 27
1 90 61
1 66 8
1 76 38
1 84 25
1 38 85
1 73 25
1 61 17
1 90 38
1 85 69
1 74 50
1 18 20
1 27 84
1 27 30
1 21 36
1 14 34
1 1 36
1 82 59
1 99 70
1 79 25
1 22 11
1 88 49
1 96 97
1 4 82
1 22 94
1 24 63
1 91 55
1 57 41
1 10 40
1 72 9
1 18 5
1 41 85
1 16 75
1 27 90
1 80 94
1 64 86
1 27 16
1 72 47
1 94 48
1 3 98
1 66 13
1 4 43
1 55 23
1 18 31
1 33 45
1 47 66
1 3 47
1 7 2
1 15 29
1 38 9
1 55 40
1 86 73
1 4 62
1 14 82
1 48 52
1 40 100
1 74 77
1 6 97
1 91 56
1 52 13
1 7 26
1 20 78
1 33 91
1 81 41
1 15 37
1 100 17
1 33 67
1 29 23
1 39 34
1 67 69
1 7 10
1 56 33
1 5 34
1 37 16
1 10 100
1 9 73
1 86 42
1 35 6
1 1 25
1 87 61
1 84 21
1 33 8
1 26 47
1 68 10
1 92 50
1 29 46
1 74 85
1 37 21
1 43 54
1 68 56
1 86 36
1 58 42
1 75 72
1 16 52
1 93 41
1 6 27
1 53 78
1 45 2
1 81 65
1 12 67
1 89 4
1 13 20
1 61 72
1 30 98
1 12 48
1 12 87
1 59 76
1 4 70
1 53 26
1 95 14
1 25 51
1 9 5
1 98 89
1 98 11
1 57 55
1 30 28
1 11 15
1 93 21
1 80 94
1 23 2
1 15 90
1 20 48
1 65 99
1 39 77
1 17 66
1 44 76
1 33 80
1 26 95
1 26 79
1 67 38
1 62 11
1 28 17
1 35 19
1 53 13
1 93 84
1 19 47
1 92 23
1 18 14
1 18 46
1 19 50
1 93 63
1 42 49
1 98 4
1 16 80
1 27 73
1 82 49
1 47 68
1 25 91
1 51 61
1 7 17
1 32 99
1 55 18
1 58 91
1 30 57
1 65 5
1 60 42
1 76 52
1 51 93
1 69 96
1 64 34
1 35 91
1 78 35
1 2 86
1 72 36
1 13 67
1 40 94
1 56 55
1 44 38
1 58 59
1 16 15
1 63 19
1 62 7
1 11 13
1 58 54
1 3 27
1 68 75
1 92 94
1 46 53
1 11 41
1 25 59
1 97 35
1 28 18
1 76 39
1 8 5
1 16 88
1 9 89
1 28 67
1 93 64
1 84 50
1 96 5
1 88 45
1 39 65
1 97 67
1 34 100
1 71 97
1 9 77
1 37 65
1 83 65
1 59 48
1 29 8
1 60 59
1 18 88
1 77 16
1 46 65
1 23 2
1 74 47
1 3 91
1 98 25
1 21 94
1 80 62
1 33 89
1 66 8
1 16 99
1 25 79
1 79 15
1 65 88
1 55 90
1 15 86
1 49 26
1 97 78
1 53 85
1 59 35
1 3 31
1 4 94
1 68 94
1 92 76
1 27 34
1 25 54
1 5 52
1 87 23
1 6 22
1 16 81
1 76 26
1 8 52
1 86 68
1 13 82
1 27 18
1 71 99
1 30 10
1 73 64
1 92 21
1 2 58
1 9 61
1 34 88
1 25 2
1 45 31
1 71 10
1 58 23
1 20 66
1 91 37
1 72 36
1 38 90
1 47 89
1 4 47
1 55 28
1 63 73
1 5 70
1 46 18
1 95 51
1 61 14
1 83 44
1 92 95
1 6 56
1 3 59
1 55 84
1 46 48
1 54 75
1 50 12
1 38 87
1 35 2
1 16 18
1 15 56
1 74 53
1 65 27
1 70 37
1 30 57
1 17 31
1 19 38
1 49 14
1 33 42
1 100 1
1 80 54
1 8 5
1 58 92
1 30 67
1 85 76
1 31 70
1 27 19
1 83 26
1 56 38
1 38 28
1 59 81
1 79 24
1 94 58
1 13 47
1 92 47
1 26 23
1 70 2
1 61 8
1 75 20
1 94 57
1 81 35
1 3 37
1 91 73
1 6 18
1 25 22
1 9 62
1 49 38
1 20 25
1 16 28
1 72 84
1 28 47
1 79 11
1 46 7
1 38 94
1 29 66
1 73 63
1 28 32
1 49 82
1 59 15
1 4 91
1 19 58
1 83 26
1 42 7
1 52 43
1 3 46
1 67 51
1 5 24
1 20 8
1 54 38
1 56 36
1 8 17
1 72 65
1 47 83
1 78 54
1 57 92
1 57 40
1 19 71
1 63 38
1 27 6
1 32 91
1 43 56
1 68 52
1 42 90
1 78 21
1 56 17
1 18 86
1 58 65
1 7 91
1 12 96
1 58 34
1 30 60
1 25 93
1 42 45
1 29 100
1 59 56
1 32 11
1 8 84
1 2 27
1 70 84
1 13 19
1 2 98
1 56 85
1 8 25
1 4 93
1 3 27
1 8 73
1 31 78
1 47 36
1 9 61
1 98 32
1 22 18
1 95 68
1 35 77
1 90 18
1 87 95
1 68 35
1 49 2
1 15 56
1 90 44
1 61 28
1 36 39
1 80 74
1 59 68
1 54 84
1 16 54
1 74 5
1 42 45
1 44 42
1 91 85
1 50 33
1 93 6
1 67 21
1 57 82
1 20 88
1 76 64
1 73 77
1 26 68
1 7 2
1 25 13
1 83 81
1 67 23
1 15 71
1 49 45
1 94 34
1 10 91
1 98 35
1 79 49
1 99 49
1 27 40
1 8 33
1 56 1
1 84 9
1 69 38
1 10 85
1 57 85
1 76 2
1 18 37
1 42 50
1 13 69
1 80 45
1 59 3
1 90 84
1 77 85
1 31 88
1 27 10
1 93 12
1 14 85
1 83 52
1 38 91
1 2 44
1 67 60
1 98 36
1 77 26
1 57 84
1 91 77
1 55 3
1 77 26
1 82 73
1 25 57
1 58 40
1 17 84
1 62 40
1 46 53
1 26 32
1 5 71
1 59 84
1 59 52
1 85 55
1 49 87
1 39 38
1 34 100
1 29 67
1 27 17
1 83 59
1 70 89
1 66 37
1 88 31
1 79 25
1 32 33
1 77 55
1 82 27
1 30 74
1 100 66
1 84 83
1 4 11
1 10 54
1 7 3
1 32 78
1 29 98
1 22 45
1 81 61
1 17 30
1 57 33
1 13 17
1 91 85
1 96 68
1 72 92
1 85 13
1 3 31
1 74 44
1 74 14
1 14 56
1 44 26
1 27 36
1 84 30
1 19 37
1 73 4
1 31 6
1 62 55
1 26 24
1 74 70
1 13 91
1 4 47
1 47 8
1 26 62
1 99 96
1 65 57
1 75 37
1 68 30
1 21 88
1 83 2
1 23 30
1 9 56
1 67 55
1 24 28
1 68 92
1 15 69
1 29 65
1 56 57
1 100 35
1 84 16
1 52 39
1 90 42
1 96 90
1 33 74
1 10 23
1 93 57
1 69 73
1 20 7
1 13 54
1 98 57
1 100 84
1 57 56
1 47 74
1 61 33
1 25 8
1 59 31
1 48 46
1 85 28
1 67 20
1 33 43
1 38 100
1 44 95
1 47 73
1 13 86
1 44 14
1 35 92
1 80 32
1 90 91
1 80 88
1 6 72
1 44 38
1 59 94
1 96 80
1 88 9
1 93 14
1 72 86
1 95 13
1 54 40
1 50 38
1 79 41
1 27 14
1 96 34
1 63 20
1 55 68
1 71 62
1 68 5
1 43 29
1 64 76
1 22 99
1 69 3
1 12 13
1 18 85
1 16 85
1 23 26
1 95 16
1 96 57
1 25 20
1 11 19
1 37 30
1 82 70
1 14 93
1 77 24
1 59 7
1 56 12
1 77 9
1 59 72
1 88 24
1 45 81
1 11 34
1 76 3
1 30 46
1 16 73
1 58 74
1 100 60
1 45 78
1 8 11
1 59 65
1 2 93
1 26 1
1 24 57
1 63 83
1 71 6
1 42 1
1 3 69
1 23 9
1 54 22
1 5 32
1 89 99
1 45 64
1 10 41
1 54 30
1 5 14
1 100 27
1 23 71
1 85 70
1 100 71
1 90 19
1 15 95
1 32 19
1 59 8
1 31 45
1 25 16
1 6 26
1 71 50
1 84 25
1 9 94
1 44 92
1 26 59
1 18 74
1 5 55
1 20 97
1 14 53
1 44 91
1 87 62
1 88 56
1 21 28
1 30 19
1 64 95
1 83 44
1 30 33
1 82 84
1 63 39
1 7 99
1 32 86
1 39 12
1 49 71
1 14 96
1 98 55
1 85 4
1 96 26
1 15 47
1 87 97
1 75 12
1 93 97
1 19 10
1 73 10
1 62 8
1 92 17
1 92 10
1 5 29
1 39 47
1 59 36
1 28 4
1 88 54
1 64 98
1 27 88
1 8 84
1 31 16
1 73 19
1 9 38
1 32 19
1 95 55
1 1 24
1 37 72
1 28 20
1 3 17
1 87 11
1 41 97
1 24 3
1 28 47
1 4 72
1 68 66
1 35 98
1 96 20
1 53 8
1 93 36
1 48 62
1 18 50
1 60 70
1 40 76
1 30 87
1 58 9
1 80 81
1 84 90
1 7 77
1 44 5
1 7 98
1 4 9
1 54 63
1 92 93
1 20 70
1 100 50
1 15 56
1 84 35
1 31 36
1 41 17
1 80 83
1 35 29
1 50 45
1 83 55
1 19 20
1 88 47
1 19 49
1 42 83
1 76 77
1 100 71
1 92 17
1 7 18
1 29 78
1 56 53
1 21 36
1 20 21
1 21 63
1 8 20
1 93 53
1 93 98
1 3 27
1 28 2
1 2 56
1 59 82
1 84 91
1 72 18
1 74 4
1 61 2
1 63 64
1 1 49
1 77 14
1 69 16
1 49 94
1 10 50
1 52 57
1 79 50
1 28 14
1 48 84
1 43 86
1 96 61
1 43 3
1 10 3
1 33 2
1 77 46
1 21 48
1 12 13
1 16 23
1 87 94
1 9 55
1 36 5
1 10 69
1 94 58
1 11 49
1 65 79
1 51 63
1 42 45
1 20 22
1 92 83
1 15 67
1 72 8
1 15 95
1 83 55
1 32 54
1 3 93
1 58 61
1 58 9
1 62 97
1 73 18
1 19 12
1 51 57
1 22 90
1 3 89
1 74 67
1 66 4
1 32 4
1 87 60
1 22 86
1 78 20
1 33 99
1 63 1
1 40 72
1 20 94
1 75 97
1 70 67
1 63 47
1 65 43
1 34 92
1 63 13
1 2 48
1 69 9
1 15 18
1 45 5
1 37 15
1 58 77
1 98 65
1 38 42
1 69 57
1 27 59
1 43 70
1 82 77
1 41 97
1 28 94
1 16 77
1 31 55
1 78 19
1 93 58
1 39 84
1 38 70
1 97 39
1 6 7
1 63 42
1 14 16
1 8 75
1 71 27
1 63 33
1 35 49
1 76 87
1 90 49
1 74 86
1 4 92
1 25 14
1 44 22
1 19 7
1 60 14
1 86 13
1 59 42
1 2 32
1 30 89
1 97 11
1 41 90
1 15 69
1 45 71
1 98 49
1 50 44
1 16 8
1 11 31
1 1 74
1 95 72
1 98 60
1 14 19
1 45 60
1 76 13
1 83 11
1 99 84
1 42 1
1 38 63
1 93 96
1 47 72
1 21 79
1 96 50
1 55 57
1 51 65
1 20 39
1 42 33
1 76 30
1 61 58
1 79 39
1 73 18
1 69 70
1 24 54
1 84 71
1 67 66
1 98 71
1 64 92
1 41 84
1 83 81
1 38 12
1 76 18
1 65 42
1 77 4
1 3 56
1 13 80
1 96 44
1 51 93
1 51 32
1 11 9
1 87 30
1 7 74
1 34 65
1 87 81
1 72 61
1 69 33
1 47 12
1 39 27
1 35 61
1 92 58
1 65 49
1 22 97
1 97 54
1 30 43
1 37 73
1 81 74
1 86 76
1 100 46
1 85 99
1 88 11
1 85 76
1 81 6
1 90 19
1 55 100
1 58 86
1 73 18
1 47 100
1 27 72
1 30 78
1 100 9
1 30 66
1 33 40
1 34 63
1 42 45
1 67 16
1 28 60
1 41 7
1 26 75
1 14 39
1 8 20
1 83 52
1 24 59
1 63 85
1 23 83
1 89 73
1 4 45
1 84 55
1 15 91
1 8 31
1 64 37
1 98 70
1 87 42
1 8 11
1 17 9
1 23 3
1 22 70
1 54 67
1 90 93
1 20 71
1 48 86
1 41 42
1 18 91
1 19 37
1 18 13
1 89 71
1 43 89
1 36 13
1 48 36
1 11 50
1 59 77
1 21 79
1 20 96
1 7 97
1 71 79
1 48 38
1 58 85
1 45 72
1 15 18
1 27 100
1 49 5
1 74 55
1 3 72
1 20 31
1 12 70
1 68 69
1 30 64
1 92 50
1 53 33
1 98 93
1 91 37
1 76 54
1 73 69
1 21 89
1 98 92
1 26 13
1 47 73
1 54 82
1 13 62
1 79 55
1 95 19
1 74 15
1 66 21
1 56 25
1 76 19
1 40 26
1 92 71
1 94 10
1 16 41
1 68 71
1 18 2
1 91 54
1 71 83
1 76 72
1 56 19
1 41 93
1 20 69
1 4 68
1 73 50
1 56 9
1 99 100
1 20 39
1 24 26
1 49 30
1 3 13
1 37 40
1 93 24
1 8 86
1 71 6
1 61 31
1 58 14
1 44 61
1 64 66
1 96 17
1 1 85
1 99 52
1 97 4
1 10 27
1 68 77
1 49 70
1 14 40
1 33 19
1 75 30
1 90 92
1 100 71
1 26 22
1 5 60
1 69 49
1 81 82
1 32 95
1 54 35
1 49 38
1 16 46
1 60 6
1 14 79
1 89 12
1 46 76
1 52 27
1 52 48
1 99 48
1 49 94
1 60 46
1 75 81
1 6 63
1 78 27
1 1 47
1 47 10
1 43 11
1 33 62
1 12 9
1 17 61
1 10 43
1 23 2
1 52 46
1 83 34
1 33 36
1 7 72
1 70 77
1 26 56
1 39 20
1 82 65
1 48 94
1 24 29
1 65 72
1 73 9
1 15 98
1 97 76
1 28 83
1 88 62
1 72 9
1 23 82
1 7 94
1 86 18
1 38 5
1 89 74
1 76 29
1 23 17
1 1 64
1 97 26
1 97 16
1 47 28
1 56 31
1 27 97
1 82 18
1 86 43
1 63 89
1 33 77
1 33 91
1 84 19
1 90 47
1 13 92
1 4 46
1 62 85
1 7 53
1 83 40
1 78 31
1 37 50
1 50 15
1 11 88
1 12 86
1 32 27
1 4 62
1 67 79
1 17 20
1 73 85
1 96 99
1 46 35
1 73 99
1 72 60
1 20 95
1 63 10
1 20 39
1 90 45
1 58 89
1 46 99
1 19 53
1 72 89
1 54 23
1 85 64
1 55 78
1 25 2
1 71 16
1 98 34
1 10 22
1 36 1
1 91 29
1 55 58
1 48 58
1 31 97
1 3 42
1 95 63
1 54 10
1 39 71
1 13 9
1 41 63
1 59 58
1 56 34
1 80 59
1 19 67
1 64 52
1 58 96
1 50 24
1 63 42
1 11 91
1 69 55
1 13 80
1 31 90
1 80 19
1 30 93
1 97 25
1 70 44
1 88 85
1 92 2
1 90 86
1 51 34
1 11 95
1 60 54
1 58 2
1 57 83
1 4 43
1 43 86
1 18 89
1 44 48
1 77 3
1 15 19
1 13 86
1 9 5
1 93 40
1 36 43
1 42 50
1 75 63
1 99 8
1 9 55
1 27 85
1 33 31
1 39 88
1 81 68
1 89 81
1 59 4
1 5 13
1 71 49
1 68 18
1 54 81
1 31 34
1 52 2
1 100 10
1 42 34
1 31 8
1 25 93
1 5 36
1 88 76
1 98 11
1 99 40
1 34 76
1 94 2
1 63 71
1 37 8
1 10 97
1 98 79
1 58 24
1 31 69
1 68 2
1 90 87
1 14 26
1 98 60
1 39 40
1 70 80
1 82 83
1 39 46
1 29 54
1 73 45
1 34 47
1 80 68
1 22 97
1 15 87
1 37 83
1 26 59
1 47 68
1 23 63
1 59 71
1 22 46
1 72 15
1 32 26
1 64 22
1 23 37
1 42 51
1 90 1
1 6 41
1 82 70
1 49 68
1 49 1
1 69 71
1 67 20
1 54 97
1 26 20
1 41 40
1 46 54
1 59 9
1 7 55
1 63 84
1 97 57
1 37 41
1 24 20
1 19 83
1 61 2
1 99 32
1 9 40
1 69 20
1 35 41
1 85 7
1 98 72
1 42 47
1 20 74
1 92 88
1 20 86
1 36 16
1 12 98
1 80 78
1 78 40
1 89 64
1 99 30
1 18 71
1 49 98
1 54 48
1 3 43
1 42 2
1 52 56
1 53 47
1 12 83
1 92 13
1 51 26
1 46 98
1 16 17
1 29 70
1 60 67
1 40 39
1 22 7
1 81 83
1 50 8
1 68 58
1 79 65
1 13 70
1 15 72
1 44 21
1 94 86
1 100 96
1 35 9
1 97 45
1 94 60
1 10 70
1 23 58
1 26 55
1 53 10
1 36 8
1 8 82
1 28 16
1 93 74
1 49 6
1 63 26
1 1 24
1 9 12
1 88 76
1 71 62
1 34 56
1 89 70
1 85 84
1 37 69
1 33 83
1 78 74
1 65 39
1 78 37
1 65 5
1 14 24
1 34 79
1 7 5
1 6 92
1 25 93
1 21 89
1 77 55
1 23 71
1 18 6
1 74 97
1 55 72
1 79 46
1 43 27
1 15 70
1 98 52
1 4 58
1 51 5
1 57 61
1 39 80
1 81 33
1 37 25
1 18 59
1 45 38
1 46 60
1 23 31
1 84 89
1 54 29
1 9 85
1 2 93
1 1 58
1 73 78
1 71 17
1 93 86
1 28 72
1 39 9
1 11 25
1 36 59
1 92 68
1 85 32
1 61 84
1 22 10
1 62 47
1 92 39
1 23 50
1 64 7
1 98 18
1 80 24
1 12 87
1 20 98
1 8 4
1 71 2
1 98 78
1 92 65
1 25 46
1 3 25
1 75 78
1 56 57
1 80 91
1 8 5
1 56 51
1 56 39
1 20 10
1 28 51
1 13 60
1 90 68
1 69 15
1 31 39
1 45 76
1 11 90
1 78 38
1 93 98
1 49 23
1 29 92
1 73 29
1 52 45
1 36 58
1 83 38
1 1 70
1 64 3
1 100 43
1 33 68
1 95 53
1 8 87
1 42 28
1 83 35
1 33 63
1 67 85
1 72 68
1 35 65
1 91 71
1 62 13
1 8 79
1 85 33
1 17 90
1 46 91
1 95 39
1 92 53
1 57 19
1 90 27
1 85 67
1 99 9
1 15 47
1 82 11
1 80 93
1 36 35
1 3 37
1 100 17
1 41 74
1 34 73
1 77 67
1 86 38
1 21 86
1 13 15
1 74 10
1 27 86
1 70 6
1 84 48
1 96 46
1 61 86
1 21 18
1 45 67
1 49 22
1 21 34
1 91 94
1 9 3
1 31 66
1 38 17
1 20 42
1 59 99
1 60 41
1 28 27
1 78 83
1 43 71
1 91 30
1 40 64
1 2 81
1 93 13
1 22 30
1 36 17
1 32 85
1 51 83
1 11 65
1 60 54
1 26 31
1 41 75
1 82 89
1 76 81
1 99 7
1 3 67
1 29 71
1 7 99
1 78 65
1 36 68
1 99 52
1 14 36
1 66 78
1 27 13
1 8 39
1 32 6
1 16 55
1 34 50
1 78 89
1 39 41
1 58 96
1 94 13
1 48 49
1 67 86
1 55 4
1 6 47
1 65 39
1 65 19
1 36 95
1 3 84
1 87 36
1 11 42
1 79 46
1 23 33
1 81 92
1 28 8
1 10 30
1 37 62
1 45 66
1 63 68
1 51 59
1 98 80
1 72 26
1 4 25
1 67 59
1 31 21
1 68 64
1 20 78
1 6 10
1 39 76
1 38 72
1 63 98
1 48 18
1 60 75
1 13 5
1 80 15
1 33 67
1 69 76
1 78 33
1 81 88
1 67 87
1 100 38
1 52 61
1 23 22
1 97 50
1 32 66
1 76 96
1 7 25
1 62 25
1 99 65
1 4 18
1 68 4
1 9 25
1 36 8
1 34 65
1 29 10
1 74 70
1 71 22
1 12 25
1 23 4
1 87 34
1 47 90
1 55 45
1 70 5
1 80 92
1 82 84
1 33 88
1 55 89
1 48 71
1 42 81
1 87 1
1 100 39
1 73 17
1 27 34
1 1 37
1 66 90
1 23 96
1 89 6
1 3 25
1 23 72
1 18 54
1 83 30
1 88 14
1 47 93
1 55 17
1 91 32
1 82 99
1 18 34
1 76 5
1 14 5
1 34 76
1 5 46
1 23 57
1 54 18
1 81 59
1 98 46
1 49 39
1 93 48
1 59 6
1 68 11
1 48 4
1 70 9
1 67 4
1 74 93
1 15 52
1 83 53
1 46 37
1 20 8
1 47 84
1 67 92
1 2 19
1 64 88
1 12 1
1 38 4
1 37 89
1 42 66
1 63 94
1 17 54
1 96 72
1 85 23
1 40 50
1 26 4
1 78 21
1 95 98
1 4 60
1 48 41
1 1 8
1 43 38
1 22 87
1 11 92
1 28 54
1 77 23
1 41 27
1 22 28
1 58 39
1 22 55
1 70 71
1 46 79
1 41 51
1 17 31
1 10 61
1 31 24
1 8 26
1 35 53
1 56 95
1 57 83
1 7 99
1 12 28
1 35 88
1 89 4
1 75 80
1 25 9
1 66 51
1 96 99
1 17 9
1 9 27
1 73 28
1 58 20
1 84 66
1 18 6
1 52 47
1 49 36
1 10 75
1 29 18
1 99 38
1 93 76
1 34 93
1 95 18
1 56 25
1 28 20
1 24 31
1 50 6
1 57 39
1 8 90
1 68 42
1 17 33
1 34 79
1 20 65
1 10 32
1 29 50
1 4 71
1 80 95
1 30 35
1 40 28
1 94 40
1 49 64
1 17 52
1 8 53
1 56 29
1 76 83
1 43 58
1 29 49
1 9 56
1 46 6
1 4 52
1 46 31
1 59 53
1 91 30
1 14 22
1 29 55
1 95 47
1 31 45
1 100 65
1 90 97
1 80 59
1 92 5
1 93 56
1 83 55
1 75 30
1 95 20
1 31 5
1 49 19
1 98 28
1 70 92
1 90 1
1 91 12
1 39 31
1 58 78
1 15 70
1 48 36
1 1 81
1 48 65
1 31 89
1 27 62
1 19 84
1 21 30
1 13 52
1 47 11
2 3 9
2 3 11
2 3 23
2 3 98
2 9 11
2 9 23
2 65 98
2 11 98
2 11 23
2 23 65
2 65 77
2 65 9
2 77 3
2 77 9
2 77 98
2 71 78
2 11 92
2 18 68
2 1 4
2 21 4
2 49 84
2 92 51
2 6 92
2 48 97
2 75 43
2 14 88
2 19 7
2 75 13
2 13 33
2 89 72
2 15 55
2 86 70
2 44 31
2 22 9
2 50 63
2 22 40
2 77 52
2 10 36
2 65 41
2 95 38
2 5 9
2 3 53
2 93 40
2 87 88
2 44 88
2 66 2
2 86 19
2 74 64
2 71 1
2 69 8
2 66 91
2 47 90
2 41 34
2 89 5
2 82 18
2 57 1
2 94 64
2 83 30
2 90 79
2 75 21
2 6 3
2 95 57
2 82 46
2 55 86
2 14 73
2 92 100
2 57 98
2 45 6
2 45 88
2 29 26
2 5 94
2 60 44
2 19 22
2 89 63
2 44 76
2 15 80
2 90 51
2 65 54
2 75 6
2 30 5
2 13 94
2 39 10
2 95 12
2 64 2
2 52 93
2 52 97
2 34 22
2 46 21
2 80 5
2 47 55
2 27 82
2 8 88
2 64 72
2 93 68
2 39 82
2 52 60
2 78 56
2 90 17
2 91 73
2 82 100
2 2 1
2 30 7
2 64 58
2 4 19
2 8 66
2 96 41
2 39 54
2 39 82
2 88 15
2 12 54
2 14 64
2 43 87
2 93 92
2 56 94
2 2 86
2 80 29
2 8 56
2 50 28
2 31 17
2 87 24
2 68 39
2 58 59
2 23 34
2 3 10
2 87 27
2 81 83
2 44 21
2 77 76
2 13 69
2 61 85
2 24 71
2 1 39
2 77 85
2 78 98
2 15 19
2 91 97
2 74 40
2 71 38
2 97 91
2 25 26
2 99 4
2 35 94
2 94 47
2 55 100
2 62 94
2 48 19
2 85 4
2 22 8
2 48 2
2 7 68
2 41 24
2 43 63
2 70 89
2 45 83
2 2 58
2 2 67
2 38 78
2 34 57
2 12 21
2 18 96
2 86 6
2 85 30
2 25 27
2 36 45
2 80 2
2 53 94
2 75 5
2 84 22
2 18 42
2 23 30
2 63 14
2 4 28
2 68 29
2 49 65
2 79 82
2 38 25
2 14 95
2 73 55
2 60 63
2 37 41
2 31 77
2 45 76
2 67 7
2 56 77
2 74 67
2 21 93
2 90 66
2 97 100
2 98 20
2 70 61
2 7 38
2 76 43
2 11 98
2 83 29
2 68 44
2 93 96
2 72 5
2 1 12
2 92 60
2 34 85
2 9 41
2 54 29
2 56 33
2 74 4
2 60 55
2 27 97
2 28 79
2 16 67
2 85 78
2 62 26
2 9 79
2 62 99
2 13 79
2 84 52
2 76 83
2 66 56
2 21 4
2 24 32
2 11 85
2 99 52
2 16 79
2 70 24
2 37 98
2 99 15
2 71 90
2 58 65
2 18 87
2 16 57
2 69 55
2 48 78
2 6 33
2 62 74
2 93 51
2 76 83
2 95 32
2 92 64
2 32 35
2 13 6
2 79 71
2 99 54
2 56 89
2 9 36
2 38 61
2 39 40
2 67 75
2 11 88
2 18 46
2 90 93
2 97 10
2 20 9
2 38 72
2 13 77
2 73 59
2 59 69
2 6 55
2 42 21
2 38 20
2 81 58
2 67 48
2 64 91
2 26 18
2 46 98
2 13 21
2 26 90
2 14 57
2 39 74
2 85 35
2 57 9
2 84 42
2 54 37
2 44 68
2 34 30
2 36 72
2 86 67
2 72 2
2 2 87
2 69 14
2 35 70
2 25 23
2 57 12
2 78 79
2 26 15
2 18 1
2 62 53
2 36 84
2 42 11
2 77 38
2 71 38
2 13 7
2 51 12
2 84 89
2 83 86
2 47 82
2 30 89
2 25 26
2 55 99
2 91 5
2 30 34
2 41 2
2 25 1
2 14 89
2 92 86
2 87 88
2 81 36
2 40 19
2 95 26
2 25 55
2 57 40
2 20 46
2 99 55
2 85 41
2 29 25
2 54 24
2 92 59
2 52 4
2 23 61
2 42 23
2 98 22
2 51 28
2 66 58
2 46 67
2 73 70
2 81 84
2 79 7
2 89 18
2 18 4
2 2 84
2 11 17
2 27 8
2 50 40
2 46 77
2 90 49
2 65 89
2 40 24
2 66 81
2 76 64
2 93 40
2 38 91
2 31 26
2 90 89
2 55 83
2 12 39
2 19 99
2 53 61
2 33 56
2 69 28
2 22 87
2 11 5
2 96 75
2 92 56
2 79 92
2 13 27
2 28 74
2 72 3
2 58 35
2 24 95
2 74 84
2 42 80
2 80 27
2 23 67
2 7 50
2 49 63
2 75 64
2 35 29
2 39 96
2 16 13
2 46 68
2 72 46
2 30 28
2 85 26
2 20 96
2 56 15
2 32 71
2 95 74
2 84 61
2 31 96
2 44 46
2 18 81
2 28 2
2 75 59
2 82 55
2 31 32
2 100 14
2 83 41
2 6 58
2 93 79
2 56 84
2 87 10
2 8 52
2 64 41
2 86 38
2 98 24
2 76 93
2 20 60
2 91 27
2 23 68
2 36 98
2 72 14
2 88 3
2 82 79
2 26 37
2 81 5
2 100 1
2 82 13
2 89 91
2 43 59
2 35 7
2 80 51
2 77 56
2 54 59
2 35 5
2 14 49
2 99 25
2 37 68
2 19 80
2 57 31
2 20 8
2 82 31
2 72 14
2 30 24
2 44 17
2 97 55
2 50 43
2 36 79
2 6 10
2 91 89
2 4 48
2 48 58
2 8 74
2 89 47
2 22 49
2 23 5
2 76 4
2 57 7
2 100 54
2 67 17
2 14 50
2 68 75
2 70 77
2 72 13
2 77 7
2 77 45
2 78 95
2 85 96
2 45 24
2 46 23
2 3 20
2 57 19
2 12 42
2 73 25
2 10 62
2 39 64
2 33 63
2 99 85
2 3 36
2 60 66
2 98 68
2 5 45
2 81 16
2 56 32
2 94 56
2 57 68
2 24 59
2 11 70
2 55 36
2 33 83
2 37 1
2 40 94
2 29 61
2 37 88
2 84 100
2 95 41
2 53 70
2 57 73
2 87 18
2 10 82
2 27 57
2 15 33
2 31 32
2 26 93
2 14 77
2 4 34
2 89 45
2 36 92
2 3 96
2 60 17
2 49 85
2 6 98
2 30 26
2 12 81
2 2 62
2 33 43
2 75 36
2 75 29
2 99 38
2 91 27
2 99 20
2 75 58
2 46 98
2 60 69
2 77 84
2 76 60
2 46 26
2 26 66
2 59 85
2 90 98
2 2 43
2 59 54
2 60 14
2 3 43
2 26 71
2 54 39
2 13 83
2 31 14
2 100 13
2 62 80
2 64 19
2 79 39
2 16 64
2 41 78
2 53 60
2 76 72
2 90 54
2 51 54
2 5 44
2 23 51
2 89 94
2 47 94
2 39 74
2 36 72
2 8 19
2 86 69
2 68 55
2 85 71
2 16 99
2 83 16
2 4 61
2 26 86
2 67 50
2 41 89
2 94 91
2 35 87
2 1 43
2 52 51
2 15 70
2 64 1
2 12 71
2 41 40
2 76 89
2 25 46
2 23 17
2 77 13
2 21 47
2 90 2
2 78 48
2 38 7
2 35 84
2 100 48
2 58 19
2 95 36
2 71 64
2 32 73
2 79 11
2 16 27
2 73 96
2 100 8
2 34 72
2 37 54
2 53 50
2 18 56
2 82 59
2 40 94
2 2 33
2 49 43
2 32 38
2 100 24
2 61 48
2 36 19
2 69 57
2 31 34
2 48 39
2 74 72
2 67 82
2 81 39
2 79 54
2 91 72
2 8 40
2 22 59
2 79 85
2 100 21
2 39 94
2 20 87
2 94 87
2 31 7
2 68 64
2 93 61
2 6 97
2 63 67
2 54 58
2 8 72
2 4 89
2 40 93
2 44 78
2 6 47
2 44 78
2 77 44
2 22 56
2 8 34
2 2 40
2 1 100
2 50 24
2 64 24
2 40 35
2 90 20
2 65 25
2 78 76
2 52 41
2 25 26
2 91 23
2 7 63
2 4 84
2 55 5
2 77 9
2 45 76
2 36 78
2 41 29
2 56 34
2 91 45
2 83 23
2 75 19
2 88 92
2 97 23
2 95 52
2 76 8
2 98 85
2 6 58
2 50 36
2 84 94
2 82 12
2 88 98
2 46 22
2 11 55
2 21 50
2 98 7
2 53 92
2 81 97
2 58 29
2 69 28
2 6 24
2 60 3
2 86 74
2 97 95
2 74 16
2 6 26
2 42 54
2 8 69
2 61 2
2 9 41
2 3 56
2 72 78
2 34 21
2 69 67
2 10 44
2 42 58
2 32 55
2 36 45
2 23 58
2 65 37
2 8 4
2 7 38
2 92 77
2 79 89
2 44 99
2 7 19
2 3 41
2 66 62
2 9 99
2 60 46
2 55 15
2 73 91
2 21 72
2 40 51
2 8 78
2 21 67
2 99 29
2 15 8
2 82 7
2 13 3
2 13 64
2 31 10
2 1 48
2 69 4
2 58 65
2 82 77
2 27 52
2 22 63
2 55 20
2 74 53
2 51 6
2 83 66
2 20 2
2 2 37
2 11 50
2 16 83
2 41 68
2 53 100
2 79 25
2 31 36
2 96 86
2 97 1
2 34 61
2 62 61
2 98 60
2 71 59
2 68 48
2 25 71
2 56 76
2 56 36
2 30 14
2 95 58
2 57 7
2 74 70
2 77 14
2 65 62
2 13 72
2 22 61
2 36 95
2 98 21
2 32 37
2 43 42
2 58 64
2 77 97
2 37 71
2 85 69
2 65 53
2 15 98
2 70 48
2 68 74
2 84 43
2 41 76
2 90 82
2 90 5
2 22 68
2 69 91
2 76 99
2 6 4
2 90 85
2 62 57
2 65 14
2 63 27
2 2 75
2 60 69
2 67 55
2 55 1
2 7 91
2 64 47
2 19 28
2 21 23
2 73 56
2 3 37
2 31 1
2 36 61
2 96 42
2 18 78
2 40 6
2 95 34
2 9 91
2 38 26
2 52 67
2 66 50
2 7 32
2 44 8
2 84 27
2 58 37
2 75 32
2 75 27
2 42 89
2 24 68
2 91 55
2 21 22
2 36 8
2 13 52
2 65 48
2 20 88
2 61 21
2 87 41
2 7 15
2 45 87
2 86 18
2 56 82
2 95 20
2 91 4
2 42 69
2 11 56
2 74 69
2 33 14
2 45 42
2 46 48
2 21 1
2 30 85
2 1 100
2 90 2
2 86 17
2 77 2
2 47 2
2 35 17
2 98 17
2 15 81
2 34 90
2 25 31
2 58 47
2 49 38
2 8 54
2 12 79
2 30 37
2 26 41
2 66 29
2 53 8
2 34 51
2 84 53
2 70 46
2 8 28
2 89 34
2 8 44
2 71 99
2 26 15
2 85 2
2 36 94
2 47 36
2 18 42
2 67 51
2 78 61
2 15 80
2 94 48
2 12 36
2 58 14
2 17 69
2 29 92
2 31 17
2 71 9
2 69 10
2 91 75
2 28 35
2 47 52
2 5 55
2 23 56
2 23 59
2 16 48
2 23 9
2 3 35
2 25 64
2 97 66
2 73 46
2 53 48
2 50 38
2 10 96
2 86 63
2 72 76
2 44 13
2 40 79
2 17 79
2 54 100
2 80 86
2 91 86
2 28 94
2 74 26
2 88 15
2 60 14
2 75 83
2 11 7
2 54 68
2 25 20
2 81 38
2 92 58
2 14 45
2 48 70
2 10 70
2 21 57
2 73 36
2 3 10
2 37 97
2 94 30
2 8 69
2 54 26
2 53 13
2 42 61
2 64 2
2 29 76
2 72 46
2 80 81
2 90 80
2 87 10
2 82 63
2 13 38
2 28 81
2 33 26
2 33 63
2 57 33
2 48 89
2 48 41
2 82 89
2 8 34
2 59 81
2 8 57
2 20 78
2 51 63
2 3 32
2 9 55
2 31 79
2 39 51
2 87 75
2 56 54
2 16 18
2 83 65
2 42 64
2 8 46
2 96 14
2 91 74
2 24 100
2 86 87
2 90 17
2 16 93
2 64 39
2 81 7
2 33 62
2 58 51
2 24 77
2 47 52
2 4 35
2 67 71
2 48 89
2 20 94
2 47 87
2 49 9
2 9 57
2 26 98
2 49 56
2 25 49
2 74 82
2 41 29
2 91 48
2 41 21
2 100 19
2 32 68
2 73 94
2 36 72
2 85 87
2 58 86
2 54 24
2 47 54
2 50 16
2 62 79
2 13 44
2 40 36
2 97 99
2 25 81
2 4 100
2 26 10
2 14 49
2 30 12
2 27 23
2 46 4
2 71 97
2 92 16
2 67 53
2 6 23
2 52 77
2 34 57
2 8 6
2 11 28
2 85 68
2 19 6
2 72 9
2 62 27
2 57 69
2 78 58
2 85 13
2 14 51
2 5 74
2 48 63
2 35 12
2 64 54
2 11 12
2 94 7
2 68 22
2 81 88
2 82 26
2 49 28
2 94 67
2 60 94
2 8 87
2 1 98
2 24 76
2 78 68
2 90 43
2 47 18
2 89 35
2 96 80
2 54 55
2 1 90
2 100 8
2 87 78
2 68 98
2 15 60
2 18 55
2 50 40
2 61 5
2 40 85
2 7 41
2 56 67
2 43 24
2 93 16
2 22 43
2 55 17
2 81 32
2 29 71
2 42 32
2 91 62
2 71 57
2 78 93
2 92 12
2 68 62
2 20 56
2 90 18
2 100 37
2 7 22
2 68 4
2 64 93
2 90 89
2 82 72
2 84 73
2 41 54
2 16 53
2 72 49
2 62 3
2 90 43
2 81 88
2 28 62
2 53 23
2 4 30
2 14 86
2 96 43
2 95 3
2 99 50
2 15 39
2 36 75
2 74 71
2 90 86
2 40 97
2 67 79
2 18 99
2 13 55
2 58 24
2 87 11
2 31 14
2 84 91
2 41 47
2 88 16
2 99 1
2 94 76
2 1 13
2 61 28
2 10 23
2 78 54
2 15 21
2 6 33
2 46 91
2 4 92
2 36 44
2 83 3
2 60 84
2 63 86
2 6 36
2 83 69
2 2 93
2 62 90
2 69 66
2 73 97
2 17 100
2 54 28
2 63 26
2 84 77
2 58 20
2 80 15
2 16 42
2 88 72
2 87 66
2 60 6
2 50 94
2 3 99
2 83 90
2 29 65
2 76 54
2 13 87
2 10 95
2 22 98
2 10 94
2 96 64
2 82 29
2 50 99
2 18 88
2 34 44
2 95 85
2 39 88
2 94 96
2 20 63
2 63 18
2 94 24
2 14 20
2 2 15
2 38 15
2 27 24
2 50 19
2 77 98
2 96 51
2 52 28
2 18 27
2 77 15
2 30 39
2 91 87
2 30 60
2 85 20
2 93 31
2 97 95
2 98 3
2 20 65
2 5 33
2 34 1
2 54 17
2 9 51
2 48 97
2 55 18
2 30 9
2 17 40
2 87 93
2 75 91
2 20 53
2 69 89
2 95 58
2 96 19
2 53 11
2 60 80
2 41 17
2 47 59
2 7 56
2 57 83
2 54 99
2 65 88
2 46 89
2 49 100
2 21 75
2 60 29
2 71 87
2 17 29
2 42 44
2 68 30
2 30 93
2 100 31
2 87 8
2 22 76
2 77 18
2 60 99
2 14 76
2 33 43
2 70 24
2 29 81
2 98 37
2 53 18
2 75 96
2 27 66
2 39 47
2 93 88
2 98 61
2 81 87
2 33 11
2 17 8
2 46 75
2 22 52
2 50 36
2 68 24
2 76 66
2 29 81
2 77 31
2 53 49
2 13 90
2 33 6
2 3 35
2 100 31
2 2 71
2 48 52
2 53 74
2 48 35
2 9 54
2 40 12
2 30 66
2 67 82
2 87 94
2 85 50
2 15 39
2 53 8
2 59 3
2 75 18
2 80 36
2 39 69
2 73 66
2 40 60
2 60 20
2 39 74
2 35 12
2 11 56
2 13 78
2 67 19
2 74 8
2 58 84
2 17 26
2 84 97
2 47 49
2 94 96
2 31 52
2 92 89
2 7 40
2 56 92
2 74 14
2 96 80
2 82 5
2 13 17
2 9 40
2 48 32
2 72 31
2 45 28
2 70 90
2 17 16
2 49 18
2 52 38
2 19 67
2 37 7
2 88 34
2 21 68
2 20 24
2 65 88
2 39 29
2 37 7
2 37 90
2 79 53
2 4 52
2 66 72
2 76 77
2 63 32
2 55 100
2 40 54
2 23 81
2 64 96
2 12 16
2 66 89
2 42 71
2 69 58
2 2 34
2 45 19
2 5 69
2 13 82
2 68 64
2 50 71
2 38 30
2 17 99
2 4 48
2 49 48
2 28 62
2 84 83
2 94 9
2 49 61
2 12 81
2 60 85
2 10 49
2 2 86
2 95 100
2 22 46
2 18 14
2 83 67
2 30 12
2 60 13
2 100 9
2 93 33
2 44 63
2 16 10
2 20 30
2 77 66
2 66 86
2 81 1
2 49 28
2 81 98
2 34 32
2 61 81
2 82 38
2 77 58
2 56 66
2 18 90
2 98 4
2 95 89
2 7 38
2 99 52
2 26 64
2 1 90
2 8 21
2 40 57
2 34 42
2 47 75
2 24 22
2 28 58
2 35 6
2 35 13
2 19 50
2 32 53
2 13 91
2 95 53
2 64 25
2 33 7
2 25 85
2 14 76
2 45 58
2 26 2
2 20 15
2 51 53
2 48 93
2 66 78
2 75 87
2 45 14
2 38 32
2 51 20
2 44 86
2 36 8
2 94 97
2 15 4
2 14 26
2 1 53
2 53 84
2 38 81
2 66 8
2 53 6
2 24 33
2 43 38
2 8 32
2 50 28
2 2 63
2 41 67
2 59 75
2 4 45
2 18 29
2 22 47
2 62 46
2 94 56
2 80 71
2 18 94
2 91 30
2 18 59
2 6 22
2 79 55
2 78 64
2 32 52
2 6 83
2 23 19
2 18 32
2 58 62
2 99 1
2 48 10
2 26 47
2 5 56
2 80 76
2 90 84
2 42 93
2 22 44
2 55 38
2 95 44
2 41 56
2 11 64
2 18 37
2 77 64
2 68 4
2 49 69
2 44 46
2 87 89
2 83 28
2 85 61
2 21 61
2 85 34
2 34 20
2 26 89
2 41 76
2 9 65
2 22 26
2 4 29
2 6 94
2 8 94
2 95 17
2 87 89
2 78 4
2 76 39
2 20 17
2 50 81
2 14 21
2 19 97
2 5 15
2 78 7
2 2 62
2 62 52
2 66 31
2 96 99
2 54 65
2 13 65
2 55 53
2 7 15
2 84 6
2 65 91
2 93 40
2 14 86
2 96 32
2 28 5
2 34 73
2 50 74
2 60 40
2 6 43
2 64 75
2 100 50
2 85 38
2 61 33
2 94 98
2 65 69
2 93 35
2 28 11
2 39 80
2 45 39
2 45 13
2 90 86
2 49 57
2 50 79
2 80 5
2 68 16
2 82 26
2 95 70
2 25 53
2 93 81
2 51 50
2 10 99
2 99 86
2 64 17
2 80 89
2 67 94
2 89 41
2 79 63
2 55 91
2 89 97
2 9 97
2 39 90
2 96 41
2 92 28
2 9 30
2 31 28
2 13 75
2 64 49
2 90 66
2 53 86
2 83 92
2 98 77
2 29 14
2 18 24
2 65 52
2 62 15
2 36 56
2 69 41
2 43 45
2 43 58
2 80 20
2 23 85
2 62 58
2 20 51
2 52 11
2 97 5
2 77 66
2 26 42
2 91 81
2 40 34
2 26 6
2 99 42
2 15 35
2 54 70
2 44 33
2 67 98
2 15 49
2 19 95
2 37 82
2 15 100
2 32 30
2 35 48
2 54 19
2 29 52
2 93 12
2 56 64
2 61 99
2 30 70
2 11 44
2 4 77
2 42 50
2 98 6
2 68 23
2 92 52
2 10 94
2 35 22
2 37 78
2 67 7
2 65 70
2 68 84
2 40 32
2 49 64
2 65 57
2 95 3
2 35 69
2 79 78
2 27 97
2 20 54
2 78 5
2 83 94
2 56 4
2 6 27
2 1 8
2 95 44
2 78 16
2 37 91
2 90 11
2 82 66
2 82 49
2 78 19
2 50 54
2 74 50
2 38 9
2 81 67
2 12 94
2 92 49
2 17 47
2 43 45
2 48 3
2 37 2
2 46 50
2 35 34
2 6 80
2 35 61
2 62 3
2 17 30
2 55 76
2 8 9
2 27 61
2 71 10
2 21 84
2 26 96
2 96 24
2 39 55
2 100 38
2 44 17
2 18 53
2 47 44
2 10 56
2 73 40
2 52 23
2 15 18
2 35 28
2 4 60
2 8 16
2 65 14
2 91 38
2 97 58
2 13 39
2 51 9
2 34 85
2 86 53
2 97 1
2 35 74
2 34 51
2 26 4
2 19 95
2 67 97
2 46 73
2 44 7
2 5 78
2 91 12
2 36 100
2 52 56
2 62 52
2 14 9
2 1 19
2 86 95
2 86 51
2 91 53
2 98 63
2 39 84
2 41 29
2 24 57
2 40 93
2 21 62
2 51 97
2 93 31
2 47 68
2 25 82
2 47 30
2 76 29
2 66 44
2 29 94
2 9 85
2 45 95
2 36 55
2 26 11
2 73 87
2 11 84
2 29 46
2 12 38
2 11 68
2 65 37
2 7 88
2 76 83
2 93 15
2 69 98
2 34 56
2 9 69
2 50 8
2 16 87
2 99 50
2 76 64
2 35 25
2 76 28
2 36 46
2 41 93
2 80 85
2 36 88
2 51 87
2 3 37
2 97 5
2 62 73
2 51 30
2 11 80
2 85 92
2 81 54
2 41 59
2 60 41
2 33 62
2 15 8
2 58 88
2 30 69
2 91 55
2 63 85
2 4 49
2 31 87
2 11 9
2 38 13
2 57 44
2 73 77
2 63 11
2 15 35
2 32 1
2 93 51
2 18 32
2 28 73
2 97 56
2 85 71
2 36 14
2 3 81
2 3 74
2 65 63
2 70 62
2 61 15
2 80 32
2 52 38
2 9 93
2 11 28
2 97 18
2 76 11
2 55 1
2 48 81
2 50 99
2 28 86
2 79 60
2 44 17
2 10 100
2 94 99
2 62 60
2 17 88
2 37 63
2 2 1
2 79 24
2 85 36
2 13 56
2 96 11
2 61 27
2 27 90
2 43 41
2 2 47
2 89 78
2 39 6
2 4 99
2 19 87
2 16 22
2 96 38
2 37 16
2 81 36
2 87 96
2 75 91
2 67 58
2 70 37
2 57 72
2 34 23
2 50 14
2 82 70
2 84 58
2 31 52
2 43 65
2 84 29
2 79 98
2 79 4
2 72 45
2 86 33
2 94 35
2 87 34
2 44 85
2 75 54
2 26 18
2 75 99
2 19 13
2 25 34
2 65 6
2 96 65
2 100 74
2 39 98
2 9 39
2 18 57
2 5 56
2 27 56
2 20 67
2 59 42
2 45 21
2 62 36
2 86 50
2 50 100
2 8 96
2 100 5
2 61 19
2 34 95
2 95 84
2 88 100
2 22 49
2 68 100
2 48 52
2 38 18
2 17 19
2 48 71
2 25 95
2 16 74
2 12 25
2 39 58
2 63 97
2 75 62
2 96 55
2 58 3
2 46 41
2 8 100
2 51 87
2 49 38
2 87 11
2 100 90
2 58 29
2 29 38
2 56 41
2 51 9
2 67 65
2 74 37
2 34 48
2 22 2
2 20 67
2 2 63
2 42 25
2 96 65
2 12 21
2 83 79
2 78 64
2 30 78
2 51 52
2 6 71
2 84 40
2 14 83
2 31 53
2 6 27
2 65 58
2 60 98
2 28 32
2 14 37
2 87 56
2 93 13
2 1 63
2 73 70
2 87 30
2 18 63
2 11 18
2 5 86
2 8 52
2 24 39
2 35 38
2 9 31
2 21 82
2 4 94
2 8 55
2 80 90
2 14 97
2 99 98
2 42 52
2 73 76
2 62 88
2 92 30
2 33 28
2 86 44
2 68 52
2 51 99
2 75 91
2 68 71
2 46 50
2 32 55
2 31 82
2 49 10
2 68 46
2 7 100
2 74 69
2 66 53
2 12 51
2 4 6
2 36 9
2 17 93
2 18 46
2 100 12
2 43 34
2 36 4
2 73 60
2 80 38
2 39 99
2 63 98
2 31 24
2 86 28
2 78 46
2 17 53
2 39 9
2 88 77
2 31 56
2 58 96
2 55 37
2 30 98
2 31 45
2 97 54
2 46 53
2 79 45
2 22 52
2 8 6
2 79 52
2 77 28
2 1 31
2 71 9
2 35 63
2 30 86
2 70 72
2 7 70
2 73 41
2 34 49
2 44 43
2 68 67
2 11 90
2 99 35
2 95 43
2 72 4
2 11 23
2 42 62
2 67 38
2 99 52
2 28 16
2 86 44
2 20 7
2 95 48
2 28 45
2 22 30
2 78 39
2 86 73
2 22 55
2 25 82
2 2 99
2 78 8
2 40 12
2 41 8
2 89 73
2 23 63
2 6 28
2 61 99
2 80 16
2 30 90
2 54 53
2 4 77
2 66 37
2 80 7
2 68 82
2 89 29
2 63 79
2 39 34
2 83 46
2 23 59
2 100 59
2 76 20
2 91 76
2 20 44
2 42 87
2 47 97
2 87 70
2 85 74
2 84 77
2 86 93
2 70 14
2 11 43
2 65 99
2 30 92
2 78 30
2 69 73
2 68 92
2 100 97
2 66 67
2 77 33
2 35 5
2 42 27
2 34 4
2 49 16
2 97 24
2 89 97
2 4 62
2 94 41
2 98 55
2 70 1
2 82 49
2 54 28
2 61 75
2 38 93
2 69 66
2 99 56
2 76 65
2 99 61
2 44 93
2 30 40
2 3 45
2 55 85
2 97 35
2 60 11
2 56 90
2 81 88
2 13 64
2 26 56
2 11 81
2 20 63
2 80 51
2 92 64
2 86 80
2 6 100
2 94 13
2 55 2
2 20 23
2 96 2
2 25 61
2 19 82
2 69 95
2 16 77
2 3 96
2 86 3
2 78 92
2 18 67
2 53 39
2 42 86
2 86 58
2 3 86
2 28 96
2 34 19
2 2 92
2 24 22
2 39 21
2 76 88
2 96 91
2 100 45
2 71 50
2 10 40
2 74 90
2 53 14
2 41 79
2 61 13
2 47 45
2 44 33
2 89 36
2 72 39
2 50 6
2 38 95
2 29 18
2 92 79
2 11 54
2 85 25
2 7 4
2 49 5
2 65 60
2 84 85
2 87 40
2 97 90
2 4 86
2 98 36
2 90 94
2 26 50
2 60 4
2 42 18
2 93 25
2 2 47
2 60 56
2 79 29
2 5 52
3 38 30
3 23 27
3 65 46
3 94 17
3 60 33
3 25 36
3 83 45
3 98 66
3 64 27
3 20 76
3 51 32
3 48 35
3 98 44
3 28 15
3 35 55
3 84 91
3 13 73
3 31 84
3 28 91
3 72 57
3 81 30
3 45 57
3 20 86
3 12 47
3 25 13
3 57 60
3 10 63
3 47 2
3 89 6
3 71 87
3 95 58
3 11 13
3 67 94
3 32 14
3 22 21
3 24 75
3 12 56
3 83 33
3 66 36
3 52 51
3 48 52
3 66 97
3 19 44
3 96 73
3 28 2
3 57 87
3 28 70
3 75 55
3 17 96
3 20 69
3 37 35
3 72 87
3 10 85
3 33 96
3 4 40
3 54 46
3 69 36
3 58 53
3 29 56
3 55 45
3 23 25
3 68 89
3 83 86
3 76 8
3 77 49
3 68 61
3 49 42
3 34 82
3 95 24
3 66 27
3 85 13
3 67 90
3 10 59
3 9 83
3 43 98
3 7 16
3 39 64
3 50 30
3 75 78
3 27 55
3 15 43
3 36 51
3 8 65
3 100 51
3 52 64
3 60 15
3 35 92
3 91 34
3 75 4
3 68 3
3 7 8
3 99 37
3 71 95
3 5 35
3 34 27
3 11 81
3 1 11
3 38 43
3 52 84
3 24 15
3 61 74
3 80 6
3 20 15
3 78 95
3 52 4
3 86 4
3 50 32
3 69 85
3 41 87
3 94 67
3 55 80
3 35 22
3 45 98
3 47 30
3 45 70
3 67 2
3 23 90
3 73 3
3 37 94
3 39 79
3 86 9
3 32 1
3 38 36
3 59 2
3 4 48
3 98 82
3 16 53
3 51 29
3 96 23
3 20 75
3 20 2
3 92 98
3 88 84
3 37 78
3 89 37
3 35 38
3 57 31
3 84 91
3 47 52
3 38 97
3 89 40
3 38 69
3 10 21
3 53 75
3 99 44
3 65 79
3 62 25
3 97 47
3 90 83
3 85 32
3 77 47
3 83 23
3 35 14
3 65 55
3 16 97
3 71 27
3 40 82
3 25 71
3 9 48
3 89 64
3 86 78
3 20 11
3 5 63
3 85 8
3 65 52
3 83 52
3 15 51
3 79 6
3 10 24
3 100 39
3 56 100
3 96 31
3 66 12
3 23 28
3 89 42
3 48 64
3 38 57
3 98 99
3 38 25
3 80 70
3 50 22
3 90 22
3 68 58
3 95 49
3 39 96
3 41 79
3 61 53
3 12 54
3 42 33
3 76 39
3 26 95
3 78 76
3 29 34
3 90 17
3 38 77
3 3 9
3 3 11
3 3 23
3 3 98
3 9 11
3 9 23
3 65 98
3 11 98
3 11 23
3 23 65
3 65 77
3 65 9
3 77 3
3 77 9
3 77 98
3 20 72
3 1 63
3 24 40
3 86 23
3 61 90
3 91 52
3 64 33
3 62 24
3 49 1
3 47 79
3 24 27
3 35 92
3 90 70
3 84 77
3 34 32
3 79 74
3 8 2
3 53 32
3 93 87
3 44 74
3 57 38
3 88 87
3 79 33
3 22 68
3 44 18
3 83 28
3 56 1
3 37 98
3 62 43
3 52 76
3 59 27
3 28 9
3 63 86
3 74 94
3 48 75
3 73 37
3 14 46
3 84 75
3 34 69
3 26 50
3 21 97
3 14 74
3 21 7
3 72 46
3 74 45
3 13 27
3 78 91
3 58 49
3 43 98
3 50 6
3 85 83
3 62 39
3 89 42
3 51 81
3 23 18
3 68 12
3 86 96
3 87 51
3 68 54
3 22 4
3 84 23
3 37 8
3 83 58
3 97 74
3 57 26
3 85 43
3 62 98
3 56 85
3 14 29
3 64 1
3 99 89
3 84 28
3 68 85
3 56 72
3 30 70
3 12 61
3 65 16
3 90 100
3 89 25
3 71 61
3 6 62
3 27 34
3 61 54
3 37 62
3 12 69
3 51 96
3 11 48
3 35 93
3 76 57
3 84 25
3 85 41
3 39 52
3 49 1
3 74 50
3 17 54
3 44 11
3 96 45
3 98 92
3 8 18
3 21 78
3 91 51
3 14 92
3 26 6
3 56 37
3 98 36
3 56 53
3 91 6
3 83 52
3 19 83
3 83 46
3 91 65
3 39 36
3 75 45
3 77 25
3 75 33
3 75 48
3 35 11
3 40 11
3 92 85
3 40 13
3 76 39
3 67 8
3 10 81
3 15 10
3 59 39
3 60 80
3 71 87
3 57 21
3 90 79
3 34 16
3 84 93
3 76 39
3 1 96
3 97 13
3 88 8
3 98 8
3 85 38
3 3 29
3 96 34
3 59 98
3 42 26
3 91 8
3 76 52
3 52 75
3 75 50
3 71 31
3 46 37
3 86 23
3 25 47
3 57 48
3 9 64
3 69 10
3 69 59
3 32 43
3 97 46
3 49 38
3 64 92
3 62 93
3 13 74
3 13 25
3 4 75
3 16 68
3 19 20
3 73 14
3 91 30
3 83 92
3 40 26
3 26 96
3 33 64
3 18 13
3 44 17
3 26 91
3 64 49
3 90 59
3 10 6
3 53 79
3 48 87
3 12 100
3 75 55
3 83 28
3 10 57
3 79 14
3 98 26
3 54 52
3 77 22
3 27 59
3 63 17
3 97 27
3 53 71
3 76 74
3 23 50
3 71 53
3 35 98
3 65 67
3 82 59
3 57 48
3 88 46
3 59 34
3 60 31
3 61 41
3 46 95
3 42 27
3 12 90
3 8 87
3 38 50
3 83 45
3 19 44
3 53 30
3 72 28
3 71 95
3 81 100
3 72 77
3 12 19
3 50 33
3 10 3
3 54 69
3 42 91
3 85 39
3 100 15
3 25 69
3 68 89
3 41 68
3 19 1
3 88 90
3 50 43
3 96 74
3 73 66
3 77 37
3 1 21
3 92 37
3 38 58
3 89 4
3 2 49
3 4 88
3 44 47
3 2 21
3 11 7
3 37 67
3 62 10
3 25 98
3 50 90
3 66 15
3 44 81
3 31 88
3 36 57
3 56 38
3 29 19
3 28 56
3 70 17
3 48 67
3 18 33
3 28 61
3 21 67
3 35 28
3 84 64
3 89 63
3 19 53
3 66 73
3 38 52
3 16 77
3 88 41
3 16 7
3 23 82
3 98 48
3 54 80
3 17 12
3 87 2
3 24 95
3 51 22
3 84 21
3 10 78
3 76 47
3 73 98
3 8 69
3 94 19
3 95 3
3 16 55
3 32 52
3 17 77
3 46 8
3 1 32
3 86 65
3 80 40
3 64 34
3 35 39
3 39 6
3 65 22
3 59 97
3 56 64
3 11 67
3 42 54
3 19 86
3 75 22
3 96 36
3 45 12
3 39 84
3 5 80
3 12 5
3 51 44
3 60 17
3 63 10
3 94 67
3 46 56
3 86 52
3 75 65
3 85 64
3 48 100
3 43 76
3 59 62
3 65 70
3 84 89
3 74 39
3 75 74
3 3 38
3 28 88
3 57 73
3 91 37
3 27 71
3 32 11
3 69 7
3 82 70
3 43 62
3 33 31
3 60 97
3 81 12
3 4 33
3 4 8
3 13 30
3 9 46
3 41 87
3 62 56
3 12 79
3 38 34
3 90 24
3 94 87
3 8 12
3 23 56
3 49 62
3 66 49
3 27 1
3 47 15
3 36 35
3 1 10
3 28 33
3 53 82
3 73 54
3 36 37
3 31 15
3 18 54
3 21 3
3 4 34
3 20 7
3 48 80
3 41 85
3 94 36
3 77 61
3 96 54
3 100 98
3 86 78
3 64 97
3 50 46
3 68 63
3 62 87
3 65 17
3 53 70
3 32 70
3 9 55
3 13 5
3 64 58
3 27 85
3 83 23
3 28 60
3 55 86
3 83 90
3 12 21
3 81 53
3 41 15
3 26 10
3 74 7
3 51 53
3 89 95
3 58 41
3 77 76
3 41 79
3 80 18
3 53 58
3 11 53
3 13 92
3 21 13
3 49 59
3 66 90
3 8 94
3 41 43
3 97 49
3 65 62
3 29 92
3 27 94
3 46 13
3 11 31
3 40 48
3 42 77
3 76 10
3 16 88
3 24 28
3 8 57
3 56 55
3 91 80
3 79 5
3 39 49
3 86 27
3 45 3
3 45 72
3 36 17
3 36 43
3 3 11
3 34 24
3 80 85
3 52 16
3 29 6
3 43 4
3 32 29
3 96 63
3 48 26
3 11 66
3 45 38
3 33 86
3 46 20
3 77 51
3 90 61
3 43 35
3 86 4
3 28 82
3 88 24
3 21 95
3 85 44
3 94 44
3 53 25
3 90 39
3 23 55
3 99 45
3 41 12
3 60 70
3 11 2
3 51 34
3 40 35
3 3 1
3 7 85
3 69 36
3 45 91
3 10 96
3 65 15
3 56 85
3 43 9
3 11 28
3 52 71
3 79 17
3 54 49
3 34 87
3 87 56
3 65 31
3 53 67
3 83 42
3 96 76
3 77 23
3 44 73
3 1 90
3 76 68
3 86 94
3 39 84
3 89 60
3 46 29
3 35 52
3 24 62
3 71 25
3 14 1
3 17 8
3 25 20
3 57 46
3 83 2
3 58 9
3 75 24
3 64 85
3 76 48
3 6 99
3 84 95
3 10 34
3 40 53
3 43 97
3 56 65
3 33 83
3 88 36
3 38 94
3 98 20
3 77 17
3 92 66
3 36 83
3 63 7
3 23 5
3 33 13
3 34 78
3 68 84
3 39 95
3 68 52
3 11 97
3 52 22
3 3 30
3 38 57
3 54 50
3 15 20
3 80 62
3 50 85
3 62 33
3 55 85
3 66 83
3 44 23
3 62 80
3 34 98
3 82 10
3 77 21
3 23 2
3 74 38
3 61 37
3 34 47
3 29 20
3 76 22
3 54 44
3 98 32
3 15 75
3 57 26
3 12 3
3 32 92
3 76 44
3 75 48
3 43 32
3 37 78
3 26 60
3 51 86
3 7 79
3 62 98
3 95 9
3 24 14
3 62 84
3 99 93
3 53 54
3 15 80
3 86 4
3 74 59
3 40 45
3 36 83
3 33 45
3 43 65
3 88 63
3 73 51
3 46 54
3 37 70
3 77 23
3 10 81
3 58 17
3 43 25
3 90 25
3 16 81
3 67 35
3 85 12
3 89 57
3 39 12
3 38 51
3 85 35
3 1 94
3 82 18
3 49 20
3 41 9
3 10 45
3 39 69
3 71 14
3 58 10
3 79 92
3 24 55
3 96 20
3 68 76
3 19 35
3 12 11
3 3 34
3 55 96
3 22 26
3 70 65
3 18 19
3 90 13
3 96 80
3 69 73
3 42 99
3 8 9
3 41 54
3 44 21
3 3 75
3 65 34
3 80 72
3 41 3
3 8 2
3 38 47
3 23 15
3 3 26
3 41 95
3 20 29
3 9 11
3 9 75
3 6 14
3 85 4
3 69 35
3 97 93
3 36 49
3 55 81
3 25 46
3 39 14
3 37 21
3 15 19
3 11 4
3 91 39
3 5 79
3 81 25
3 22 17
3 94 14
3 22 41
3 38 31
3 21 68
3 42 17
3 48 10
3 25 16
3 8 32
3 35 6
3 21 99
3 52 64
3 47 55
3 9 67
3 23 96
3 29 32
3 92 53
3 9 4
3 25 10
3 77 88
3 70 82
3 98 31
3 30 9
3 79 7
3 71 3
3 79 33
3 18 88
3 59 96
3 50 48
3 47 99
3 49 59
3 35 56
3 7 42
3 62 55
3 54 23
3 20 92
3 63 30
3 83 67
3 1 61
3 81 78
3 93 87
3 29 36
3 2 23
3 5 42
3 53 33
3 44 47
3 49 37
3 66 41
3 88 69
3 100 70
3 71 7
3 2 79
3 36 81
3 5 41
3 22 26
3 96 35
3 54 48
3 27 65
3 77 44
3 73 41
3 45 96
3 54 8
3 19 91
3 71 32
3 56 72
3 3 15
3 90 45
3 63 84
3 73 72
3 69 67
3 25 43
3 8 39
3 30 53
3 58 45
3 23 83
3 27 88
3 97 55
3 19 89
3 10 67
3 84 94
3 83 77
3 25 22
3 22 45
3 69 61
3 68 3
3 81 93
3 73 81
3 22 40
3 89 67
3 3 1
3 99 32
3 12 38
3 35 22
3 38 36
3 65 5
3 88 3
3 99 4
3 58 3
3 19 57
3 46 69
3 55 40
3 79 8
3 71 91
3 90 53
3 74 68
3 6 18
3 53 46
3 42 34
3 25 91
3 43 81
3 4 38
3 17 23
3 10 48
3 27 34
3 85 60
3 88 12
3 1 38
3 9 38
3 56 2
3 77 25
3 39 7
3 51 45
3 13 31
3 37 27
3 17 41
3 69 90
3 4 81
3 54 59
3 29 96
3 54 76
3 49 40
3 41 96
3 39 63
3 22 20
3 40 35
3 81 51
3 16 46
3 17 76
3 46 29
3 19 29
3 99 94
3 92 51
3 33 29
3 15 25
3 27 24
3 69 66
3 3 21
3 49 1
3 11 28
3 3 74
3 19 89
3 30 63
3 2 91
3 81 84
3 71 13
3 40 72
3 30 37
3 76 79
3 3 75
3 11 85
3 100 14
3 87 90
3 29 56
3 69 49
3 43 68
3 97 95
3 65 38
3 87 50
3 20 41
3 12 41
3 34 32
3 36 68
3 87 21
3 2 54
3 83 37
3 19 68
3 4 58
3 51 82
3 80 28
3 89 34
3 47 55
3 34 26
3 91 44
3 16 25
3 79 68
3 39 55
3 58 51
3 2 65
3 31 46
3 41 73
3 96 70
3 83 71
3 41 38
3 20 74
3 92 100
3 77 75
3 12 64
3 6 17
3 29 2
3 70 53
3 51 54
3 81 54
3 96 91
3 73 32
3 47 19
3 34 32
3 6 16
3 4 61
3 44 9
3 20 10
3 90 56
3 82 61
3 18 4
3 35 38
3 6 90
3 61 43
3 66 5
3 49 26
3 69 58
3 2 6
3 97 48
3 90 28
3 87 24
3 76 100
3 12 9
3 99 53
3 55 5
3 80 31
3 64 60
3 56 79
3 92 10
3 94 73
3 95 75
3 67 35
3 73 65
3 35 49
3 59 8
3 92 9
3 63 97
3 22 26
3 53 77
3 45 27
3 96 80
3 64 75
3 18 81
3 90 42
3 29 16
3 99 79
3 35 69
3 45 97
3 11 70
3 3 69
3 86 9
3 10 34
3 30 46
3 100 83
3 48 76
3 89 78
3 27 32
3 43 93
3 78 60
3 26 17
3 78 73
3 92 32
3 41 49
3 40 46
3 47 90
3 29 61
3 71 47
3 52 100
3 84 25
3 60 86
3 71 6
3 44 66
3 24 89
3 5 71
3 80 34
3 65 56
3 64 90
3 69 80
3 81 75
3 77 26
3 55 52
3 76 86
3 30 57
3 87 97
3 20 59
3 78 22
3 60 6
3 74 14
3 55 65
3 47 74
3 57 95
3 53 1
3 72 95
3 37 68
3 87 29
3 9 82
3 82 40
3 8 54
3 23 19
3 1 42
3 74 46
3 15 3
3 94 50
3 55 62
3 75 11
3 92 83
3 33 43
3 50 100
3 22 70
3 70 33
3 4 47
3 47 75
3 42 49
3 47 65
3 21 1
3 84 8
3 77 83
3 34 6
3 67 80
3 67 38
3 9 6
3 47 9
3 56 90
3 91 43
3 39 58
3 18 83
3 10 43
3 85 22
3 52 66
3 11 32
3 81 32
3 5 76
3 47 11
3 45 39
3 90 94
3 79 15
3 98 29
3 91 33
3 13 33
3 51 31
3 100 30
3 77 22
3 49 66
3 71 61
3 91 66
3 15 9
3 15 8
3 64 26
3 7 54
3 34 11
3 3 58
3 55 65
3 23 73
3 15 42
3 10 90
3 24 9
3 64 8
3 93 67
3 53 39
3 53 80
3 41 15
3 43 24
3 37 47
3 71 9
3 78 92
3 25 70
3 3 94
3 31 55
3 4 40
3 17 50
3 99 61
3 13 17
3 73 9
3 7 10
3 42 52
3 97 65
3 76 72
3 99 27
3 65 24
3 80 27
3 45 25
3 82 93
3 30 52
3 41 50
3 7 39
3 42 100
3 50 90
3 31 41
3 32 61
3 47 40
3 53 26
3 23 44
3 93 56
3 6 99
3 42 50
3 84 27
3 62 95
3 19 63
3 11 27
3 86 80
3 64 39
3 14 75
3 87 91
3 89 17
3 3 84
3 18 72
3 48 7
3 75 36
3 94 28
3 61 20
3 58 21
3 90 96
3 89 19
3 27 29
3 57 19
3 38 55
3 15 97
3 51 11
3 39 35
3 29 97
3 95 27
3 15 1
3 67 31
3 96 64
3 97 94
3 88 22
3 39 4
3 96 62
3 47 2
3 49 20
3 6 67
3 60 91
3 83 20
3 37 73
3 30 45
3 71 45
3 82 80
3 66 94
3 18 74
3 74 85
3 64 42
3 1 45
3 98 15
3 69 13
3 39 60
3 89 52
3 53 100
3 100 73
3 89 33
3 69 45
3 32 57
3 96 56
3 37 86
3 80 63
3 36 26
3 33 18
3 36 46
3 57 58
3 21 11
3 31 69
3 88 10
3 67 7
3 47 79
3 9 20
3 46 16
3 98 43
3 60 82
3 95 47
3 42 43
3 9 57
3 87 26
3 39 45
3 12 80
3 57 14
3 90 3
3 6 29
3 46 93
3 87 55
3 89 17
3 13 58
3 68 75
3 65 57
3 46 30
3 18 88
3 100 91
3 27 40
3 32 50
3 35 99
3 51 74
3 70 4
3 77 79
3 6 62
3 80 46
3 73 75
3 75 84
3 21 60
3 72 40
3 16 95
3 18 80
3 45 10
3 53 83
3 95 81
3 57 17
3 90 29
3 83 57
3 67 88
3 80 57
3 45 71
3 53 82
3 98 52
3 72 65
3 98 51
3 42 6
3 81 96
3 42 97
3 8 72
3 99 32
3 44 36
3 16 27
3 32 8
3 39 72
3 6 80
3 5 91
3 85 70
3 95 25
3 28 54
3 1 69
3 43 34
3 18 11
3 75 83
3 74 70
3 44 37
3 63 62
3 29 1
3 64 80
3 87 76
3 3 68
3 11 16
3 26 89
3 33 76
3 31 15
3 26 30
3 44 98
3 81 6
3 89 5
3 19 10
3 93 97
3 15 13
3 23 38
3 38 45
3 64 58
3 29 96
3 5 75
3 11 2
3 19 81
3 46 85
3 60 24
3 66 28
3 84 73
3 70 29
3 72 84
3 73 56
3 81 66
3 43 40
3 32 55
3 64 70
3 5 35
3 59 7
3 28 96
3 1 63
3 27 62
3 100 95
3 15 1
3 25 21
3 92 79
3 92 86
3 35 96
3 8 97
3 9 32
3 56 50
3 55 43
3 85 96
3 5 16
3 91 80
3 29 96
3 29 24
3 94 10
3 60 24
3 2 60
3 42 99
3 4 96
3 9 15
3 53 7
3 25 65
3 5 2
3 43 32
3 31 99
3 24 38
3 4 92
3 86 90
3 82 7
3 20 43
3 86 97
3 17 55
3 34 48
3 27 77
3 86 33
3 65 24
3 22 74
3 15 69
3 66 83
3 79 63
3 69 47
3 32 61
3 22 3
3 38 66
3 25 47
3 4 51
3 21 4
3 83 77
3 42 60
3 51 53
3 59 52
3 70 38
3 36 76
3 86 5
3 90 41
3 58 6
3 18 80
3 83 22
3 35 74
3 6 28
3 34 10
3 90 69
3 54 71
3 42 73
3 47 64
3 15 95
3 49 60
3 89 92
3 40 28
3 100 81
3 28 54
3 84 94
3 10 89
3 97 91
3 29 92
3 30 20
3 33 85
3 51 82
3 23 86
3 92 62
3 99 31
3 44 93
3 76 72
3 62 79
3 40 77
3 11 85
3 43 79
3 7 23
3 25 4
3 15 63
3 1 47
3 2 77
3 2 69
3 52 14
3 23 12
3 3 1
3 75 48
3 15 22
3 23 98
3 74 72
3 26 5
3 57 84
3 87 58
3 73 95
3 31 63
3 2 3
3 20 37
3 63 38
3 7 74
3 25 31
3 28 64
3 18 87
3 35 70
3 30 88
3 23 67
3 8 40
3 84 16
3 93 97
3 87 63
3 43 13
3 93 29
3 20 73
3 43 5
3 61 86
3 35 69
3 50 94
3 19 21
3 3 73
3 2 53
3 75 51
3 69 68
3 57 71
3 63 4
3 44 76
3 81 42
3 20 59
3 91 4
3 37 39
3 18 23
3 67 95
3 19 23
3 27 19
3 6 31
3 98 99
3 8 13
3 33 29
3 22 37
3 25 91
3 43 59
3 67 53
3 95 6
3 87 30
3 48 61
3 16 76
3 42 67
3 14 63
3 44 78
3 73 62
3 25 87
3 99 40
3 52 67
3 21 45
3 67 32
3 100 13
3 38 49
3 55 59
3 30 54
3 91 38
3 4 80
3 58 21
3 52 10
3 59 62
3 66 8
3 51 24
3 5 85
3 71 18
3 3 46
3 4 79
3 11 45
3 69 45
3 41 87
3 71 45
3 81 60
3 6 50
3 14 24
3 73 28
3 13 74
3 34 25
3 95 19
3 12 47
3 29 95
3 98 37
3 29 7
3 93 10
3 48 15
3 97 90
3 85 71
3 23 11
3 51 94
3 8 5
3 58 98
3 4 83
3 95 40
3 6 41
3 49 27
3 100 35
3 50 18
3 94 20
3 57 18
3 98 29
3 75 22
3 7 20
3 75 43
3 85 84
3 44 11
3 41 1
3 74 11
3 4 60
3 76 92
3 7 45
3 3 62
3 67 54
3 96 58
3 63 100
3 74 26
3 83 64
3 65 87
3 49 71
3 33 87
3 49 14
3 56 53
3 42 82
3 96 7
3 60 88
3 10 12
3 55 2
3 23 52
3 62 36
3 15 10
3 20 92
3 31 7
3 90 29
3 57 89
3 78 85
3 65 85
3 26 62
3 13 63
3 46 60
3 33 17
3 39 82
3 77 21
3 28 15
3 14 96
3 77 93
3 74 53
3 12 49
3 62 39
3 59 12
3 28 56
3 4 50
3 25 10
3 84 78
3 34 31
3 84 60
3 92 28
3 10 66
3 46 33
3 10 26
3 51 56
3 16 66
3 25 66
3 41 73
3 17 7
3 64 75
3 81 34
3 50 1
3 30 12
3 6 52
3 69 2
3 29 80
3 39 61
3 45 48
3 81 75
3 65 2
3 45 23
3 97 17
3 12 83
3 46 11
3 35 59
3 39 93
3 8 76
3 56 28
3 63 41
3 76 57
3 91 40
3 88 37
3 54 4
3 13 72
3 56 68
3 16 21
3 69 20
3 14 4
3 31 64
3 80 38
3 55 64
3 7 22
3 29 37
3 58 26
3 53 10
3 44 57
3 18 31
3 42 7
3 65 75
3 41 72
3 6 69
3 3 26
3 90 82
3 55 29
3 90 13
3 12 30
3 99 58
3 45 58
3 27 57
3 60 76
3 85 24
3 34 47
3 74 14
3 33 41
3 12 49
3 18 3
3 98 66
3 49 24
3 98 12
3 100 9
3 25 63
3 97 2
3 69 72
3 31 16
3 94 53
3 62 26
3 25 48
3 59 65
3 73 14
3 100 18
3 35 33
3 88 98
3 78 26
3 93 81
3 59 68
3 5 43
3 19 35
3 90 99
3 51 88
3 35 37
3 96 65
3 97 60
3 56 33
3 40 50
3 43 91
3 71 29
3 64 48
3 99 75
3 62 54
3 60 17
3 75 38
3 72 15
3 82 23
3 71 54
3 33 96
3 24 1
3 39 78
3 97 86
3 50 69
3 19 25
3 86 57
3 80 84
3 47 24
3 10 21
3 12 39
3 73 41
3 19 2
3 9 36
3 35 67
3 84 38
3 25 61
3 35 61
3 40 80
3 75 31
3 52 18
3 27 23
3 95 54
3 57 41
3 20 90
3 58 31
3 78 87
3 74 43
3 65 57
3 69 83
3 53 22
3 82 84
3 11 32
3 3 38
3 83 47
3 12 70
3 41 65
3 27 96
3 22 37
3 3 25
3 69 32
3 56 11
3 22 42
3 20 62
3 78 6
3 25 44
3 40 96
3 27 90
3 23 43
3 97 4
3 45 97
3 66 57
3 41 10
3 71 58
3 42 19
3 61 21
3 28 10
3 63 21
3 75 5
3 75 79
3 22 10
3 81 98
3 10 83
3 26 39
3 23 17
3 37 69
3 99 83
3 36 40
3 86 59
3 83 30
3 55 8
3 76 53
3 52 60
3 89 32
3 67 36
3 35 94
3 17 42
3 33 76
3 40 28
3 46 93
3 95 86
3 1 92
3 49 96
3 21 71
3 62 28
3 30 29
3 65 79
3 78 54
3 16 6
3 9 87
3 87 67
3 17 24
3 68 62
3 21 48
3 74 90
3 24 60
3 24 47
3 88 64
3 24 30
3 15 72
3 61 70
3 55 89
3 75 69
3 48 89
3 20 91
3 83 57
3 30 36
3 63 81
3 49 60
3 45 52
3 9 91
3 6 31
3 97 40
3 44 12
3 10 3
3 72 17
3 95 92
3 3 31
3 52 35
3 26 34
3 43 12
3 55 51
3 8 21
3 7 68
3 80 69
3 43 52
3 2 81
3 9 81
3 99 100
3 88 4
3 6 11
3 31 64
3 35 56
3 55 68
3 60 14
3 86 39
3 97 1
3 39 63
3 19 70
3 79 11
3 38 6
3 47 51
3 45 55
3 81 25
3 44 54
3 78 45
3 50 70
3 99 98
3 73 6
3 16 69
3 89 83
3 34 87
3 51 34
3 45 27
3 31 77
3 65 62
3 21 59
3 31 21
3 50 10
3 73 48
3 90 95
3 65 92
3 32 95
3 21 60
3 69 20
3 61 34
3 17 11
3 73 58
3 7 67
3 34 26
3 29 9
3 70 47
3 4 78
3 59 87
3 23 51
3 38 45
3 100 86
3 8 39
3 44 48
3 37 52
3 90 74
3 64 59
3 97 17
3 15 95
3 24 87
3 89 52
3 75 1
3 25 71
3 27 30
3 73 19
3 79 56
3 23 44
3 83 40
3 47 60
3 26 43
3 61 10
3 38 76
3 7 67
3 50 80
3 97 91
3 13 9
3 21 3
3 52 61
3 30 20
3 39 13
3 86 23
3 25 14
3 42 68
3 37 54
3 82 62
3 75 20
3 54 25
3 54 1
3 17 82
3 2 60
3 91 61
3 26 85
3 14 7
3 22 78
3 73 39
3 51 29
3 71 54
3 4 41
3 24 36
3 75 15
3 16 38
3 15 89
3 31 43
3 55 37
3 61 99
3 82 55
3 85 33
3 25 97
3 68 8
3 25 7
3 7 95
3 34 21
3 36 47
3 62 21
3 17 30
3 65 88
3 57 100
3 36 22
3 54 2
4 7 71
4 45 99
4 2 92
4 93 81
4 69 62
4 84 65
4 45 32
4 56 33
4 80 95
4 82 62
4 56 5
4 32 29
4 35 34
4 46 22
4 11 46
4 10 73
4 6 48
4 9 51
4 80 62
4 90 24
4 34 20
4 32 41
4 11 3
4 45 27
4 35 44
4 33 1
4 41 30
4 89 32
4 79 43
4 93 76
4 76 97
4 58 73
4 43 94
4 63 31
4 59 60
4 70 74
4 34 73
4 55 10
4 38 80
4 33 81
4 78 62
4 60 83
4 77 38
4 46 4
4 69 2
4 47 20
4 74 33
4 17 31
4 19 70
4 71 73
4 45 40
4 4 19
4 73 98
4 99 32
4 13 85
4 73 65
4 34 80
4 45 80
4 43 7
4 57 68
4 43 71
4 51 31
4 30 82
4 66 3
4 89 32
4 84 48
4 97 26
4 22 67
4 25 26
4 58 98
4 60 32
4 78 66
4 12 100
4 30 33
4 64 62
4 83 65
4 23 66
4 47 84
4 93 2
4 43 31
4 10 83
4 81 86
4 52 40
4 26 96
4 1 62
4 77 17
4 56 31
4 96 46
4 67 45
4 91 31
4 49 4
4 27 89
4 11 60
4 54 38
4 74 19
4 96 18
4 30 25
4 86 9
4 71 69
4 81 13
4 3 23
4 71 87
4 12 18
4 36 42
4 79 18
4 87 19
4 2 88
4 66 74
4 15 86
4 74 38
4 42 67
4 30 31
4 46 87
4 73 78
4 79 88
4 92 9
4 72 64
4 20 93
4 74 27
4 31 10
4 98 53
4 70 48
4 43 79
4 65 99
4 3 78
4 43 32
4 24 18
4 7 76
4 57 43
4 78 15
4 42 97
4 78 35
4 8 27
4 84 69
4 1 52
4 59 62
4 73 84
4 48 1
4 78 50
4 73 23
4 23 84
4 35 1
4 35 25
4 38 1
4 80 47
4 62 32
4 45 5
4 94 56
4 17 39
4 9 29
4 93 49
4 41 84
4 30 24
4 91 40
4 79 66
4 63 18
4 7 55
4 73 83
4 91 11
4 47 97
4 55 68
4 43 47
4 12 71
4 50 86
4 56 15
4 96 51
4 50 89
4 66 62
4 12 58
4 7 65
4 2 76
4 78 61
4 37 53
4 66 11
4 64 85
4 67 41
4 68 89
4 96 78
4 28 42
4 14 59
4 81 59
4 10 97
4 41 38
4 30 72
4 78 26
4 31 24
4 33 89
4 50 77
4 33 52
4 91 68
4 59 30
4 59 62
4 67 17
4 85 2
4 88 54
4 88 83
4 14 67
4 4 31
4 61 5
4 62 56
4 80 69
4 93 68
4 8 3
4 86 28
4 8 78
4 26 60
4 100 59
4 96 48
4 30 57
4 23 15
4 78 54
4 80 38
4 30 62
4 52 75
4 60 89
4 15 72
4 64 51
4 29 46
4 77 74
4 80 16
4 74 99
4 63 29
4 82 66
4 78 46
4 48 77
4 62 3
4 88 75
4 25 28
4 53 10
4 68 46
4 60 56
4 1 44
4 40 89
4 39 20
4 46 23
4 49 52
4 71 74
4 28 32
4 98 60
4 79 12
4 4 58
4 100 20
4 69 11
4 75 2
4 12 51
4 33 60
4 28 100
4 23 9
4 41 16
4 15 81
4 5 97
4 63 94
4 84 4
4 100 60
4 72 55
4 5 8
4 15 58
4 41 20
4 11 64
4 21 25
4 10 64
4 84 27
4 17 84
4 9 6
4 57 19
4 4 39
4 75 44
4 22 65
4 42 63
4 46 89
4 54 61
4 53 32
4 3 10
4 28 16
4 80 31
4 42 49
4 32 49
4 88 65
4 76 57
4 30 78
4 65 96
4 61 47
4 66 24
4 55 77
4 38 71
4 69 66
4 18 29
4 71 34
4 63 66
4 50 95
4 79 43
4 74 23
4 90 24
4 74 15
4 66 13
4 99 5
4 40 31
4 14 97
4 72 76
4 14 30
4 42 12
4 90 23
4 94 73
4 64 48
4 87 12
4 85 50
4 85 43
4 90 43
4 88 66
4 49 76
4 73 18
4 67 100
4 45 31
4 79 44
4 10 80
4 72 7
4 74 8
4 91 43
4 48 44
4 69 95
4 93 16
4 58 19
4 71 53
4 25 9
4 92 52
4 16 89
4 35 29
4 92 98
4 12 90
4 73 1
4 22 96
4 96 92
4 3 48
4 50 44
4 23 92
4 50 30
4 72 77
4 29 69
4 54 79
4 65 64
4 64 23
4 23 56
4 47 25
4 62 48
4 59 22
4 53 37
4 20 89
4 76 22
4 4 5
4 14 1
4 74 52
4 84 35
4 78 21
4 19 20
4 90 25
4 96 89
4 35 27
4 23 70
4 16 73
4 14 41
4 38 94
4 9 90
4 41 9
4 58 99
4 16 41
4 67 71
4 86 19
4 60 75
4 29 55
4 77 99
4 65 64
4 18 93
4 60 13
4 74 97
4 44 5
4 57 69
4 95 80
4 66 59
4 53 98
4 80 74
4 23 81
4 90 28
4 91 79
4 66 21
4 65 4
4 40 69
4 97 57
4 76 19
4 91 90
4 67 54
4 95 85
4 12 100
4 86 2
4 13 62
4 34 100
4 19 42
4 20 85
4 92 57
4 45 84
4 55 87
4 85 10
4 61 28
4 62 29
4 11 52
4 32 91
4 34 87
4 34 82
4 56 17
4 65 9
4 58 23
4 93 89
4 58 31
4 31 42
4 83 59
4 49 70
4 74 26
4 83 11
4 31 12
4 67 5
4 94 15
4 62 5
4 97 19
4 28 59
4 16 1
4 69 52
4 50 81
4 54 47
4 43 86
4 50 11
4 66 69
4 24 32
4 61 42
4 7 43
4 86 54
4 32 72
4 79 63
4 73 62
4 46 23
4 20 55
4 21 70
4 92 50
4 94 40
4 54 100
4 9 11
4 65 81
4 15 26
4 28 37
4 11 65
4 74 12
4 42 34
4 28 14
4 40 14
4 64 95
4 74 28
4 46 38
4 59 21
4 38 1
4 37 29
4 99 70
4 92 3
4 90 70
4 82 74
4 46 99
4 23 81
4 62 78
4 8 25
4 70 9
4 30 23
4 69 10
4 16 12
4 29 9
4 100 90
4 35 79
4 56 85
4 78 35
4 8 74
4 60 13
4 42 61
4 79 52
4 45 27
4 67 11
4 61 24
4 58 1
4 85 98
4 36 89
4 33 27
4 19 8
4 57 68
4 88 70
4 43 95
4 7 89
4 86 2
4 35 85
4 50 61
4 61 91
4 27 70
4 7 17
4 11 74
4 89 31
4 69 8
4 89 42
4 97 72
4 14 77
4 75 69
4 32 94
4 49 82
4 38 58
4 53 89
4 1 47
4 36 15
4 65 45
4 95 75
4 77 15
4 16 67
4 63 10
4 26 10
4 14 86
4 81 55
4 64 62
4 40 35
4 15 82
4 8 64
4 96 80
4 90 56
4 91 6
4 9 49
4 92 44
4 45 1
4 13 72
4 15 53
4 65 32
4 91 21
4 79 3
4 77 65
4 82 24
4 99 48
4 25 49
4 85 79
4 36 70
4 42 1
4 95 93
4 54 25
4 58 38
4 4 33
4 33 86
4 44 33
4 4 62
4 68 4
4 50 27
4 100 56
4 86 55
4 1 77
4 32 91
4 46 40
4 93 62
4 79 42
4 76 64
4 58 61
4 26 100
4 74 29
4 91 63
4 73 48
4 79 5
4 63 17
4 60 42
4 45 53
4 61 2
4 63 65
4 54 16
4 13 60
4 7 48
4 90 26
4 23 58
4 67 29
4 41 42
4 23 6
4 88 97
4 19 84
4 3 94
4 74 73
4 82 27
4 94 66
4 22 44
4 69 98
4 61 65
4 76 27
4 1 49
4 23 95
4 30 60
4 37 8
4 46 48
4 23 49
4 88 29
4 16 17
4 22 28
4 91 39
4 98 29
4 83 48
4 68 90
4 87 96
4 85 16
4 85 67
4 58 47
4 43 22
4 15 54
4 83 7
4 24 10
4 17 46
4 20 30
4 40 65
4 68 76
4 19 23
4 44 60
4 31 73
4 88 65
4 41 3
4 18 88
4 55 4
4 48 27
4 6 52
4 6 99
4 28 60
4 93 33
4 43 18
4 39 70
4 62 7
4 19 28
4 84 34
4 75 14
4 2 49
4 86 77
4 81 64
4 27 55
4 4 21
4 3 94
4 68 58
4 6 81
4 8 93
4 61 79
4 9 13
4 41 68
4 24 34
4 26 59
4 47 44
4 43 66
4 4 13
4 90 3
4 79 22
4 27 93
4 9 26
4 46 18
4 26 53
4 53 10
4 38 37
4 42 27
4 9 82
4 99 17
4 49 29
4 97 60
4 68 81
4 64 26
4 34 18
4 33 27
4 72 73
4 42 26
4 89 62
4 87 42
4 41 70
4 21 18
4 74 54
4 66 100
4 23 14
4 58 65
4 22 82
4 28 70
4 52 42
4 98 11
4 39 79
4 8 72
4 44 96
4 85 1
4 90 60
4 24 56
4 95 43
4 24 46
4 56 6
4 60 86
4 31 44
4 72 49
4 37 60
4 93 4
4 90 23
4 43 71
4 52 24
4 38 67
4 20 71
4 91 45
4 91 92
4 20 95
4 67 51
4 76 3
4 31 98
4 1 23
4 34 99
4 50 25
4 73 30
4 99 61
4 55 37
4 88 31
4 57 58
4 92 49
4 43 17
4 96 6
4 18 41
4 64 89
4 15 96
4 75 78
4 51 88
4 57 7
4 37 77
4 35 80
4 70 67
4 5 64
4 5 19
4 27 6
4 67 60
4 12 99
4 86 10
4 65 11
4 67 2
4 67 77
4 52 48
4 27 24
4 61 25
4 8 9
4 87 48
4 8 52
4 7 90
4 65 59
4 86 79
4 89 100
4 26 90
4 48 53
4 47 96
4 36 94
4 36 97
4 59 15
4 5 79
4 20 22
4 25 76
4 95 96
4 93 3
4 39 34
4 61 66
4 14 66
4 81 69
4 1 93
4 54 60
4 61 11
4 16 60
4 25 67
4 60 21
4 67 3
4 80 8
4 28 74
4 57 39
4 13 4
4 68 72
4 81 51
4 56 17
4 1 39
4 12 92
4 8 94
4 96 11
4 9 51
4 82 42
4 35 68
4 53 78
4 3 20
4 98 20
4 72 48
4 83 43
4 18 90
4 52 62
4 54 65
4 10 67
4 9 25
4 74 57
4 33 39
4 84 80
4 57 63
4 69 78
4 26 87
4 81 61
4 23 59
4 53 65
4 63 13
4 61 49
4 97 44
4 19 11
4 98 34
4 29 49
4 81 30
4 95 57
4 20 24
4 77 15
4 83 78
4 2 84
4 95 48
4 55 15
4 86 97
4 43 58
4 27 75
4 27 11
4 31 80
4 26 42
4 11 42
4 13 92
4 72 5
4 44 7
4 81 68
4 70 46
4 24 84
4 13 74
4 96 30
4 54 36
4 100 24
4 97 74
4 24 18
4 52 92
4 29 1
4 63 84
4 6 13
4 10 86
4 84 49
4 17 100
4 63 20
4 40 84
4 56 71
4 32 8
4 84 95
4 97 48
4 43 63
4 42 98
4 99 89
4 79 80
4 95 61
4 47 6
4 18 59
4 92 35
4 12 55
4 11 5
4 96 67
4 37 53
4 40 99
4 21 94
4 36 48
4 32 22
4 59 40
4 63 69
4 40 39
4 46 37
4 79 1
4 81 28
4 71 8
4 93 58
4 47 31
4 54 70
4 64 5
4 47 43
4 99 17
4 18 38
4 45 68
4 31 47
4 65 27
4 20 44
4 20 63
4 28 20
4 56 42
4 52 94
4 50 34
4 32 80
4 79 14
4 22 54
4 31 90
4 89 19
4 83 50
4 13 39
4 32 78
4 63 70
4 60 87
4 81 27
4 92 50
4 52 45
4 76 58
4 54 47
4 13 70
4 12 73
4 54 64
4 41 56
4 7 44
4 51 96
4 48 78
4 39 41
4 47 27
4 16 99
4 91 96
4 76 80
4 55 15
4 73 69
4 86 1
4 77 78
4 89 56
4 71 21
4 21 97
4 87 51
4 2 16
4 29 15
4 68 76
4 79 36
4 57 84
4 67 16
4 2 96
4 14 24
4 37 62
4 5 46
4 72 99
4 87 96
4 50 39
4 93 99
4 92 78
4 47 9
4 69 60
4 99 55
4 69 6
4 86 15
4 13 87
4 47 73
4 48 98
4 90 1
4 71 85
4 54 94
4 44 56
4 38 99
4 52 7
4 56 24
4 60 96
4 48 35
4 22 8
4 15 26
4 28 53
4 54 80
4 67 81
4 99 84
4 4 82
4 77 66
4 68 74
4 85 11
4 20 98
4 77 63
4 70 49
4 31 28
4 97 27
4 51 11
4 92 74
4 50 78
4 60 85
4 69 87
4 69 94
4 58 71
4 35 80
4 63 13
4 54 38
4 32 80
4 13 18
4 84 22
4 12 8
4 23 32
4 64 16
4 11 55
4 10 55
4 11 23
4 89 91
4 70 4
4 97 13
4 94 53
4 5 62
4 21 79
4 16 38
4 33 34
4 54 5
4 86 66
4 90 52
4 29 93
4 58 27
4 84 71
4 93 50
4 83 67
4 31 90
4 39 29
4 79 81
4 22 40
4 76 72
4 62 50
4 26 85
4 60 86
4 11 43
4 7 74
4 96 46
4 20 33
4 70 93
4 82 47
4 40 34
4 60 31
4 88 47
4 12 96
4 62 7
4 95 58
4 3 95
4 71 80
4 59 85
4 63 65
4 74 93
4 55 30
4 34 31
4 51 40
4 68 6
4 14 34
4 30 74
4 83 27
4 6 31
4 38 75
4 95 10
4 15 93
4 24 79
4 45 13
4 38 97
4 74 92
4 27 41
4 97 83
4 41 50
4 2 65
4 58 74
4 79 28
4 76 99
4 50 71
4 29 55
4 23 57
4 50 66
4 72 82
4 58 38
4 20 6
4 52 59
4 89 15
4 98 28
4 13 40
4 41 90
4 59 33
4 17 11
4 20 54
4 66 63
4 75 19
4 69 29
4 18 66
4 72 64
4 24 4
4 21 79
4 77 49
4 1 73
4 46 77
4 19 83
4 35 86
4 10 66
4 77 79
4 76 55
4 31 95
4 14 51
4 17 90
4 83 42
4 73 49
4 36 8
4 12 18
4 42 31
4 32 42
4 6 83
4 15 62
4 10 63
4 44 28
4 13 71
4 81 94
4 12 95
4 91 30
4 98 62
4 93 88
4 45 15
4 31 19
4 75 94
4 70 51
4 28 29
4 30 7
4 30 76
4 55 99
4 83 25
4 43 69
4 82 66
4 41 50
4 34 86
4 19 74
4 62 8
4 26 73
4 12 74
4 72 59
4 30 19
4 35 17
4 70 30
4 35 40
4 35 28
4 72 66
4 88 31
4 60 93
4 6 75
4 6 8
4 4 89
4 33 74
4 62 95
4 3 21
4 7 16
4 23 78
4 26 37
4 16 83
4 64 2
4 2 23
4 33 44
4 37 58
4 48 74
4 18 22
4 99 28
4 15 7
4 39 73
4 73 77
4 46 33
4 88 60
4 28 11
4 20 12
4 76 4
4 13 33
4 9 79
4 39 71
4 51 58
4 54 4
4 26 86
4 26 96
4 43 42
4 76 75
4 21 23
4 12 8
4 41 3
4 10 87
4 92 29
4 55 28
4 6 53
4 55 37
4 42 15
4 18 58
4 60 6
4 50 54
4 56 45
4 41 96
4 100 48
4 41 61
4 82 64
4 27 99
4 50 10
4 82 94
4 17 58
4 85 18
4 88 73
4 52 9
4 3 62
4 87 82
4 25 40
4 88 72
4 20 42
4 3 59
4 27 99
4 92 6
4 47 87
4 91 96
4 6 95
4 55 82
4 93 66
4 43 48
4 78 57
4 88 38
4 48 25
4 84 69
4 81 47
4 51 78
4 75 61
4 38 88
4 39 40
4 73 7
4 16 38
4 36 13
4 99 92
4 82 31
4 60 47
4 95 49
4 86 7
4 69 75
4 64 4
4 42 55
4 68 2
4 71 7
4 46 26
4 55 98
4 91 40
4 28 98
4 37 78
4 51 11
4 22 93
4 97 36
4 59 12
4 78 91
4 1 86
4 81 84
4 25 87
4 36 42
4 88 93
4 49 43
4 38 51
4 24 80
4 6 22
4 61 93
4 3 81
4 61 17
4 18 73
4 20 92
4 19 21
4 27 18
4 29 89
4 54 97
4 82 47
4 72 59
4 46 61
4 94 43
4 2 88
4 14 32
4 91 89
4 83 78
4 48 96
4 42 59
4 19 20
4 84 24
4 95 5
4 62 39
4 86 66
4 60 28
4 24 34
4 78 56
4 95 70
4 47 73
4 9 57
4 92 39
4 27 75
4 41 19
4 26 33
4 24 98
4 34 87
4 85 41
4 67 23
4 95 71
4 2 78
4 18 96
4 85 64
4 35 69
4 14 59
4 88 73
4 70 57
4 65 53
4 65 44
4 4 49
4 43 55
4 86 26
4 29 7
4 3 51
4 30 82
4 10 45
4 45 40
4 76 36
4 16 58
4 46 53
4 97 85
4 2 12
4 11 80
4 5 55
4 78 62
4 16 17
4 24 31
4 26 49
4 72 55
4 100 82
4 40 26
4 49 53
4 88 29
4 51 69
4 55 53
4 1 8
4 19 9
4 32 48
4 32 4
4 19 82
4 81 31
4 66 19
4 59 82
4 54 88
4 80 30
4 84 37
4 24 85
4 10 88
4 96 30
4 6 32
4 51 81
4 42 52
4 33 73
4 76 24
4 42 45
4 52 99
4 50 2
4 35 49
4 99 78
4 95 58
4 38 49
4 52 3
4 29 95
4 85 30
4 11 59
4 27 46
4 98 24
4 50 14
4 75 43
4 61 17
4 58 23
4 55 53
4 41 54
4 28 18
4 89 63
4 30 28
4 98 71
4 10 51
4 20 47
4 74 33
4 5 33
4 28 76
4 77 29
4 63 99
4 35 69
4 27 74
4 57 41
4 10 7
4 26 22
4 36 33
4 46 20
4 35 53
4 37 20
4 4 10
4 47 48
4 58 73
4 35 39
4 59 39
4 16 20
4 82 8
4 22 25
4 3 41
4 52 72
4 16 43
4 11 72
4 76 19
4 90 36
4 29 57
4 92 60
4 16 36
4 50 22
4 44 38
4 76 54
4 62 75
4 7 5
4 37 82
4 8 2
4 72 4
4 69 25
4 63 66
4 93 83
4 17 40
4 48 57
4 52 19
4 43 44
4 77 12
4 43 19
4 93 33
4 23 37
4 59 72
4 87 62
4 9 11
4 73 88
4 26 24
4 69 38
4 77 46
4 96 34
4 66 6
4 67 19
4 90 1
4 87 67
4 63 48
4 61 37
4 39 20
4 86 37
4 42 82
4 42 41
4 54 59
4 42 60
4 63 88
4 65 48
4 77 3
4 56 47
4 71 82
4 27 79
4 50 65
4 31 16
4 87 95
4 97 56
4 21 26
4 3 67
4 49 24
4 13 39
4 14 57
4 15 88
4 63 52
4 6 55
4 86 42
4 1 41
4 60 30
4 63 73
4 59 98
4 63 33
4 63 22
4 40 81
4 42 9
4 32 77
4 29 1
4 81 56
4 86 74
4 45 23
4 5 49
4 36 41
4 56 41
4 82 77
4 66 32
4 63 1
4 87 95
4 77 75
4 95 63
4 67 29
4 3 79
4 51 8
4 53 42
4 21 5
4 72 52
4 66 72
4 15 90
4 37 82
4 34 66
4 33 44
4 31 37
4 12 49
4 46 39
4 16 64
4 54 90
4 34 2
4 12 29
4 22 7
4 82 60
4 90 33
4 32 6
4 48 92
4 84 24
4 17 8
4 38 26
4 39 37
4 36 84
4 98 32
4 45 69
4 25 8
4 65 66
4 100 90
4 18 38
4 100 29
4 75 83
4 63 21
4 32 59
4 45 55
4 5 19
4 67 22
4 57 84
4 57 65
4 32 39
4 34 92
4 11 75
4 62 75
4 3 21
4 55 22
4 19 98
4 97 21
4 7 24
4 2 67
4 81 32
4 23 13
4 10 99
4 32 87
4 93 92
4 92 47
4 5 2
4 44 52
4 95 84
4 17 12
4 97 40
4 47 94
4 32 88
4 98 47
4 77 30
4 93 58
4 8 15
4 70 33
4 83 68
4 57 71
4 28 45
4 53 82
4 92 57
4 97 77
4 13 31
4 43 28
4 75 76
4 76 22
4 98 22
4 98 39
4 67 22
4 38 16
4 70 89
4 18 48
4 53 20
4 3 95
4 54 28
4 75 63
4 6 53
4 80 9
4 30 80
4 48 84
4 41 16
4 7 90
4 88 4
4 37 50
4 99 97
4 39 33
4 59 45
4 4 40
4 64 47
4 43 60
4 81 31
4 92 87
4 25 47
4 92 93
4 64 1
4 59 29
4 26 79
4 89 87
4 63 8
4 91 54
4 90 64
4 56 22
4 60 55
4 22 90
4 35 87
4 50 65
4 66 55
4 33 57
4 35 58
4 1 61
4 46 61
4 12 59
4 100 78
4 2 42
4 85 30
4 94 49
4 77 65
4 20 34
4 74 70
4 27 97
4 49 80
4 10 54
4 100 88
4 24 41
4 11 27
4 25 52
4 100 8
4 79 4
4 5 35
4 30 14
4 67 65
4 20 86
4 99 58
4 86 43
4 64 68
4 58 87
4 14 1
4 27 96
4 68 70
4 71 45
4 38 83
4 98 92
4 100 87
4 26 66
4 16 66
4 32 31
4 85 8
4 77 76
4 84 3
4 53 97
4 3 35
4 91 8
4 12 1
4 86 73
4 19 58
4 14 94
4 77 59
4 53 54
4 15 88
4 72 6
4 7 11
4 32 50
4 97 12
4 78 60
4 89 61
4 41 55
4 3 80
4 49 100
4 25 74
4 3 71
4 77 88
4 78 66
4 80 2
4 96 61
4 73 47
4 8 38
4 55 16
4 16 85
4 64 43
4 29 97
4 24 18
4 50 63
4 49 22
4 90 100
4 36 6
4 92 70
4 15 54
4 57 4
4 70 90
4 80 81
4 44 66
4 79 66
4 79 22
4 18 22
4 91 5
4 67 50
4 96 1
4 93 17
4 17 11
4 4 48
4 52 11
4 37 71
4 82 36
4 5 18
4 95 28
4 69 17
4 2 1
4 25 77
4 1 28
4 36 77
4 37 48
4 13 95
4 34 12
4 81 30
4 23 9
4 38 10
4 33 36
4 29 66
4 54 12
4 41 85
4 70 11
4 73 39
4 82 48
4 48 49
4 46 56
4 17 39
4 44 78
4 58 23
4 75 92
4 22 65
4 57 94
4 12 3
4 19 97
4 60 30
4 31 99
4 20 65
4 51 58
4 74 92
4 78 38
4 35 53
4 43 8
4 56 33
4 76 4
4 85 6
4 7 87
4 71 56
4 76 77
4 19 59
4 24 56
4 14 88
4 55 64
4 64 56
4 24 41
4 69 68
4 91 17
4 55 51
4 56 84
4 18 24
4 1 69
4 14 83
4 17 1
4 69 80
4 39 81
4 77 57
4 84 21
4 28 72
4 66 38
4 90 78
4 43 89
4 98 67
4 71 6
4 28 50
4 15 82
4 91 44
4 68 55
4 57 93
4 18 32
4 79 16
4 21 34
4 71 100
4 7 41
4 34 76
4 16 78
4 65 21
4 8 36
4 25 13
4 61 49
4 28 30
4 23 1
4 52 44
4 85 22
4 47 72
4 33 45
4 38 74
4 97 82
4 61 33
4 56 47
4 69 92
4 70 44
4 68 83
4 61 30
4 82 15
4 40 57
4 45 68
4 63 33
4 51 81
4 45 46
4 47 54
4 92 59
4 55 18
4 65 20
4 60 63
4 1 34
4 95 62
4 54 25
4 52 75
4 19 43
4 83 41
4 95 94
4 97 65
4 30 6
4 65 5
4 1 63
4 44 98
4 29 11
4 42 74
4 7 50
4 74 39
4 54 10
4 93 94
4 73 8
4 40 23
4 99 1
4 29 2
4 95 24
4 59 48
4 40 71
4 32 19
4 25 33
4 40 38
4 54 41
4 49 51
4 23 86
4 36 27
4 25 37
4 54 18
4 66 41
4 42 5
4 71 84
4 80 82
4 73 3
4 80 89
4 36 5
4 46 99
4 89 8
4 16 82
4 85 29
4 85 87
4 64 40
4 3 85
4 26 84
4 70 77
4 16 17
4 24 3
4 12 91
4 26 35
4 14 86
4 23 28
4 40 61
4 88 43
4 38 35
4 46 21
4 5 19
4 96 1
4 57 2
4 16 53
4 57 60
4 36 43
4 88 95
4 81 22
4 96 59
4 71 40
4 54 71
4 43 76
4 50 15
4 99 33
4 43 8
4 67 80
4 37 38
4 43 31
4 18 47
4 9 51
4 97 45
4 10 73
4 32 59
4 75 64
4 26 63
4 97 74
4 21 48
4 89 20
4 53 83
4 85 81
4 32 50
4 2 19
4 31 94
4 62 68
4 28 71
4 59 24
4 69 73
4 83 80
4 88 84
4 87 27
4 89 63
4 7 30
4 30 14
4 35 42
4 35 26
4 39 23
4 79 26
4 76 23
4 36 49
4 54 52
4 47 29
4 97 49
4 98 9
4 27 80
4 92 15
4 99 61
4 77 19
4 99 13
4 97 55
4 50 63
4 69 7
4 3 87
4 86 64
4 30 6
4 30 14
4 60 27
4 97 71
4 86 98
4 55 38
4 67 6
4 52 32
4 82 43
4 21 87
4 38 94
4 24 81
4 67 50
4 95 80
4 3 5
4 32 38
4 52 25
4 27 54
4 27 71
4 47 79
4 60 48
4 11 39
4 59 74
4 78 52
4 99 67
4 30 42
4 92 15
4 97 79
4 37 88
4 74 78
4 82 7
4 54 97
4 61 24
4 10 75
4 61 74
4 12 45
4 5 42
4 8 27
4 11 75
4 10 14
4 96 32
4 55 9
4 37 12
4 37 86
4 56 68
4 61 55
4 37 2
4 55 58
4 10 49
4 77 78
4 74 53
4 55 38
4 26 15
4 63 15
4 6 25
4 62 2
4 88 87
4 77 90
4 32 6
4 55 47
4 59 65
4 43 76
4 72 96
4 14 34
4 63 61
4 79 40
4 73 81
4 52 55
4 73 84
4 71 31
4 19 34
4 42 60
4 79 12
4 18 36
4 92 96
4 15 43
4 36 64
4 71 88
4 32 10
4 43 57
4 44 99
4 49 95
4 80 16
4 62 11
4 66 83
4 86 1
4 40 8
4 85 48
5 43 26
5 17 14
5 18 45
5 19 98
5 49 71
5 95 18
5 24 62
5 41 27
5 65 15
5 31 61
5 66 90
5 41 38
5 14 97
5 67 9
5 95 87
5 20 99
5 13 49
5 50 94
5 3 59
5 66 20
5 46 51
5 34 41
5 7 42
5 52 85
5 10 7
5 65 72
5 27 61
5 69 20
5 39 9
5 5 49
5 15 49
5 99 85
5 78 92
5 44 74
5 74 86
5 6 27
5 90 13
5 6 12
5 14 57
5 33 82
5 2 99
5 58 25
5 48 74
5 28 34
5 17 92
5 46 49
5 39 59
5 4 86
5 73 71
5 76 2
5 30 27
5 100 87
5 62 17
5 16 94
5 9 69
5 15 69
5 25 16
5 13 57
5 66 58
5 12 42
5 42 64
5 97 43
5 81 95
5 75 64
5 40 83
5 34 95
5 99 52
5 86 15
5 52 59
5 86 76
5 75 14
5 10 32
5 21 95
5 96 47
5 68 74
5 32 72
5 65 4
5 25 62
5 60 8
5 40 10
5 22 80
5 39 77
5 12 42
5 22 63
5 83 21
5 36 48
5 46 35
5 26 88
5 3 98
5 37 60
5 94 77
5 1 99
5 86 23
5 5 77
5 61 56
5 80 63
5 72 43
5 25 19
5 13 25
5 68 65
5 88 86
5 49 36
5 46 67
5 77 97
5 60 47
5 61 89
5 70 38
5 53 79
5 64 43
5 50 88
5 32 3
5 52 21
5 92 44
5 94 41
5 70 43
5 94 57
5 14 81
5 83 14
5 20 68
5 24 88
5 32 16
5 95 9
5 5 13
5 59 89
5 86 87
5 33 92
5 96 45
5 24 50
5 62 66
5 4 45
5 73 59
5 61 84
5 70 62
5 22 63
5 28 67
5 8 16
5 97 64
5 55 75
5 88 93
5 84 92
5 1 23
5 29 4
5 55 49
5 43 37
5 32 14
5 87 10
5 70 15
5 17 5
5 95 34
5 43 49
5 79 54
5 34 66
5 24 36
5 25 52
5 45 35
5 64 4
5 76 39
5 79 99
5 15 71
5 58 43
5 15 19
5 68 55
5 24 81
5 41 27
5 58 85
5 58 83
5 80 9
5 63 7
5 75 86
5 75 53
5 61 89
5 37 2
5 91 48
5 80 57
5 63 25
5 5 92
5 10 55
5 22 87
5 33 94
5 89 74
5 65 50
5 8 69
5 59 64
5 83 11
5 40 31
5 67 91
5 9 79
5 82 69
5 24 64
5 90 2
5 100 15
5 80 63
5 67 32
5 27 72
5 73 54
5 25 18
5 88 40
5 42 68
5 13 31
5 94 82
5 15 10
5 54 95
5 43 24
5 93 18
5 51 75
5 48 44
5 86 84
5 94 66
5 21 54
5 36 72
5 37 11
5 61 70
5 46 11
5 51 7
5 16 17
5 86 69
5 20 25
5 21 100
5 20 42
5 29 30
5 50 52
5 2 4
5 81 13
5 51 5
5 12 17
5 64 52
5 29 5
5 2 17
5 88 41
5 33 5
5 50 2
5 91 16
5 75 11
5 39 71
5 56 25
5 53 94
5 10 3
5 100 35
5 70 35
5 87 45
5 53 43
5 73 56
5 70 84
5 57 97
5 43 87
5 31 1
5 75 80
5 13 40
5 26 44
5 17 93
5 16 55
5 31 65
5 20 46
5 50 15
5 71 41
5 16 70
5 100 18
5 43 39
5 24 100
5 68 30
5 2 36
5 32 48
5 63 83
5 77 1
5 83 73
5 7 60
5 74 36
5 27 10
5 33 97
5 83 6
5 44 99
5 25 55
5 35 5
5 44 69
5 69 78
5 71 57
5 18 82
5 61 79
5 48 29
5 42 67
5 2 53
5 1 91
5 28 99
5 42 61
5 8 81
5 14 35
5 75 61
5 94 7
5 2 8
5 16 84
5 85 4
5 42 47
5 49 81
5 38 35
5 92 17
5 31 88
5 26 33
5 15 10
5 72 86
5 2 48
5 90 38
5 62 71
5 43 38
5 43 39
5 61 33
5 29 13
5 80 89
5 64 24
5 95 78
5 71 30
5 25 71
5 39 61
5 86 21
5 26 58
5 57 8
5 67 50
5 90 60
5 59 91
5 11 64
5 67 37
5 67 23
5 1 3
5 69 45
5 85 32
5 26 41
5 86 13
5 31 73
5 62 26
5 86 11
5 96 11
5 56 95
5 33 4
5 42 60
5 32 21
5 43 10
5 38 70
5 85 95
5 13 63
5 47 66
5 56 78
5 34 92
5 38 20
5 98 49
5 47 8
5 79 92
5 25 35
5 93 52
5 57 47
5 51 99
5 3 98
5 22 27
5 66 95
5 73 94
5 76 71
5 45 62
5 28 54
5 65 40
5 3 23
5 51 41
5 44 29
5 11 60
5 46 94
5 91 100
5 45 1
5 83 37
5 13 42
5 50 25
5 47 60
5 27 95
5 84 24
5 55 36
5 77 34
5 50 6
5 95 78
5 76 32
5 3 48
5 21 51
5 49 46
5 99 46
5 89 86
5 48 29
5 33 52
5 82 54
5 7 98
5 9 54
5 5 93
5 66 50
5 75 68
5 35 66
5 9 82
5 98 89
5 54 12
5 13 14
5 56 48
5 95 32
5 78 59
5 34 12
5 100 6
5 80 64
5 9 35
5 57 37
5 41 73
5 99 18
5 14 71
5 93 79
5 55 10
5 63 77
5 94 67
5 92 74
5 32 30
5 89 42
5 73 93
5 46 22
5 71 57
5 10 90
5 63 78
5 59 50
5 39 42
5 21 79
5 91 49
5 64 68
5 85 64
5 12 10
5 23 85
5 82 7
5 57 37
5 55 64
5 17 56
5 43 34
5 54 31
5 28 84
5 77 32
5 15 13
5 12 26
5 35 41
5 37 29
5 15 84
5 32 54
5 2 82
5 95 41
5 90 12
5 28 55
5 6 36
5 12 66
5 3 53
5 77 11
5 84 53
5 57 98
5 7 74
5 32 71
5 67 54
5 43 86
5 53 45
5 44 74
5 84 62
5 70 81
5 24 25
5 70 74
5 52 97
5 49 3
5 100 13
5 19 71
5 51 93
5 76 91
5 57 82
5 92 19
5 25 68
5 48 76
5 53 64
5 47 25
5 15 82
5 98 45
5 96 37
5 58 72
5 61 53
5 58 76
5 30 73
5 86 67
5 23 94
5 18 9
5 97 68
5 49 36
5 5 79
5 8 37
5 13 36
5 17 68
5 42 5
5 20 33
5 17 39
5 46 49
5 24 74
5 76 83
5 35 81
5 29 36
5 52 50
5 28 4
5 81 92
5 43 99
5 16 10
5 30 15
5 26 19
5 18 2
5 49 99
5 51 17
5 8 32
5 29 96
5 77 4
5 85 4
5 64 71
5 25 29
5 80 42
5 46 94
5 54 63
5 29 81
5 69 23
5 25 24
5 49 32
5 82 79
5 14 13
5 70 39
5 59 19
5 18 58
5 74 100
5 68 57
5 24 70
5 47 56
5 15 60
5 58 50
5 58 15
5 52 41
5 51 5
5 13 48
5 97 66
5 31 71
5 59 69
5 48 85
5 18 14
5 20 80
5 66 24
5 39 16
5 34 41
5 32 76
5 5 23
5 81 72
5 73 52
5 78 5
5 81 77
5 55 17
5 40 88
5 75 28
5 92 75
5 55 4
5 47 29
5 47 20
5 62 55
5 90 1
5 34 61
5 27 99
5 7 24
5 78 91
5 74 62
5 19 57
5 89 25
5 100 43
5 6 100
5 43 37
5 74 64
5 87 5
5 90 83
5 58 18
5 74 24
5 53 73
5 96 37
5 42 74
5 21 60
5 85 9
5 37 30
5 14 77
5 33 8
5 80 12
5 24 10
5 43 96
5 50 20
5 74 8
5 95 11
5 55 100
5 71 82
5 18 38
5 92 60
5 87 54
5 66 48
5 30 54
5 44 69
5 73 100
5 56 36
5 45 5
5 56 9
5 93 82
5 83 60
5 93 88
5 95 17
5 71 89
5 63 58
5 3 78
5 51 12
5 75 74
5 43 27
5 48 46
5 61 71
5 95 17
5 31 35
5 59 14
5 70 46
5 74 37
5 40 1
5 33 18
5 39 80
5 37 97
5 80 90
5 62 71
5 7 56
5 26 23
5 90 14
5 51 88
5 17 20
5 64 28
5 72 62
5 40 24
5 72 59
5 73 51
5 40 33
5 7 9
5 92 23
5 81 86
5 46 92
5 16 88
5 73 44
5 40 37
5 91 44
5 87 8
5 15 24
5 49 45
5 59 15
5 53 29
5 4 73
5 14 30
5 3 4
5 67 43
5 11 30
5 39 18
5 22 1
5 84 82
5 89 61
5 70 52
5 3 76
5 95 94
5 35 87
5 90 74
5 2 75
5 22 6
5 45 70
5 15 96
5 93 20
5 59 55
5 44 66
5 36 18
5 26 4
5 25 45
5 61 81
5 39 66
5 44 62
5 18 78
5 13 53
5 52 98
5 95 13
5 52 88
5 41 2
5 79 5
5 40 66
5 5 42
5 63 33
5 51 38
5 33 86
5 91 34
5 95 29
5 46 2
5 9 5
5 76 8
5 78 41
5 16 83
5 77 98
5 96 64
5 4 5
5 83 21
5 31 87
5 32 89
5 62 6
5 90 96
5 32 51
5 13 70
5 33 59
5 84 11
5 55 14
5 53 35
5 95 15
5 31 57
5 70 53
5 6 21
5 49 7
5 30 66
5 82 59
5 32 76
5 11 91
5 88 86
5 57 51
5 39 2
5 20 95
5 46 64
5 54 61
5 81 56
5 60 27
5 68 48
5 61 18
5 18 67
5 92 34
5 71 19
5 66 21
5 95 50
5 95 31
5 69 21
5 52 38
5 40 41
5 40 70
5 69 71
5 80 20
5 89 58
5 26 85
5 82 56
5 37 18
5 27 80
5 90 14
5 64 39
5 51 26
5 32 53
5 66 89
5 8 19
5 67 10
5 24 53
5 95 93
5 54 17
5 82 26
5 9 99
5 100 94
5 42 31
5 2 51
5 23 11
5 73 69
5 77 71
5 24 98
5 40 81
5 5 8
5 47 68
5 95 61
5 80 5
5 5 37
5 36 27
5 52 87
5 26 40
5 20 37
5 4 64
5 97 74
5 54 87
5 39 35
5 30 89
5 11 22
5 82 58
5 77 91
5 20 33
5 27 44
5 36 18
5 73 39
5 45 85
5 91 87
5 65 83
5 32 66
5 50 11
5 64 30
5 84 17
5 23 100
5 83 45
5 19 55
5 18 33
5 3 88
5 57 1
5 81 1
5 55 67
5 3 12
5 37 52
5 10 97
5 66 97
5 12 65
5 14 6
5 86 54
5 40 86
5 51 24
5 29 61
5 89 34
5 75 18
5 22 83
5 84 40
5 52 74
5 92 80
5 49 85
5 27 70
5 88 66
5 10 44
5 69 60
5 78 47
5 53 65
5 9 67
5 89 45
5 46 24
5 85 54
5 100 51
5 26 100
5 95 24
5 36 46
5 59 67
5 40 90
5 60 47
5 96 76
5 94 49
5 43 70
5 22 12
5 99 50
5 76 71
5 9 11
5 25 62
5 75 92
5 44 88
5 82 24
5 41 84
5 50 80
5 46 8
5 8 48
5 79 86
5 41 40
5 21 22
5 81 100
5 12 77
5 11 77
5 16 10
5 82 35
5 25 55
5 56 67
5 64 56
5 79 99
5 30 65
5 36 81
5 90 3
5 31 97
5 10 42
5 27 65
5 100 96
5 12 97
5 63 84
5 96 81
5 82 73
5 31 22
5 18 69
5 22 6
5 68 60
5 77 53
5 58 77
5 10 44
5 44 35
5 28 61
5 5 22
5 30 37
5 46 25
5 52 35
5 13 48
5 42 35
5 55 9
5 99 83
5 33 7
5 77 55
5 79 92
5 78 36
5 54 21
5 5 9
5 49 41
5 92 46
5 79 52
5 59 58
5 50 92
5 62 40
5 97 42
5 14 36
5 86 35
5 90 78
5 62 79
5 15 43
5 97 92
5 12 38
5 36 67
5 80 45
5 42 84
5 79 50
5 44 46
5 86 59
5 31 79
5 74 27
5 95 73
5 5 30
5 100 4
5 54 71
5 77 47
5 4 52
5 65 11
5 5 24
5 29 89
5 89 79
5 90 32
5 36 1
5 6 42
5 70 49
5 88 14
5 29 63
5 2 28
5 87 1
5 99 59
5 63 19
5 15 66
5 62 70
5 17 88
5 7 49
5 45 43
5 35 43
5 12 14
5 90 86
5 87 53
5 81 40
5 71 2
5 49 99
5 56 2
5 60 89
5 40 25
5 36 17
5 54 64
5 31 78
5 83 67
5 97 33
5 68 44
5 94 84
5 40 65
5 13 34
5 55 13
5 41 82
5 31 23
5 17 65
5 46 67
5 40 20
5 74 79
5 43 78
5 26 57
5 48 75
5 31 6
5 2 11
5 32 28
5 95 30
5 28 97
5 2 9
5 83 81
5 20 71
5 9 10
5 60 78
5 27 57
5 92 10
5 41 26
5 55 1
5 20 83
5 20 32
5 62 13
5 86 13
5 25 76
5 60 70
5 54 78
5 82 22
5 12 59
5 12 91
5 40 11
5 99 46
5 45 82
5 51 14
5 16 66
5 43 87
5 3 20
5 96 29
5 48 81
5 7 74
5 89 45
5 90 65
5 96 6
5 44 78
5 97 8
5 8 24
5 16 6
5 44 100
5 93 79
5 85 47
5 25 46
5 75 38
5 26 61
5 61 64
5 57 95
5 25 57
5 37 41
5 95 14
5 78 81
5 59 29
5 59 47
5 21 80
5 51 97
5 59 20
5 50 89
5 50 4
5 24 10
5 27 86
5 89 91
5 100 50
5 64 14
5 43 82
5 42 31
5 19 88
5 61 16
5 99 69
5 94 70
5 65 87
5 71 52
5 56 35
5 74 33
5 66 28
5 16 29
5 97 29
5 22 13
5 83 5
5 86 67
5 52 32
5 96 4
5 77 100
5 81 18
5 6 60
5 86 19
5 96 95
5 95 68
5 87 60
5 49 51
5 58 17
5 25 38
5 65 11
5 35 94
5 22 34
5 37 35
5 46 42
5 100 87
5 26 59
5 93 29
5 31 68
5 21 33
5 21 96
5 73 35
5 36 18
5 19 3
5 91 80
5 87 16
5 11 74
5 53 32
5 11 89
5 44 91
5 5 22
5 65 48
5 13 76
5 81 94
5 100 76
5 8 30
5 49 50
5 42 23
5 92 57
5 85 92
5 79 94
5 61 6
5 20 89
5 50 57
5 33 43
5 88 13
5 6 34
5 74 56
5 57 6
5 91 66
5 64 30
5 78 22
5 73 86
5 38 67
5 37 5
5 14 63
5 30 46
5 32 7
5 55 85
5 27 9
5 95 91
5 56 4
5 4 66
5 76 11
5 26 83
5 97 81
5 96 30
5 31 89
5 9 51
5 28 29
5 87 3
5 66 30
5 31 90
5 90 75
5 43 76
5 85 65
5 12 7
5 24 3
5 30 35
5 58 92
5 19 81
5 12 55
5 98 79
5 85 63
5 67 23
5 71 86
5 56 32
5 26 90
5 91 71
5 24 3
5 85 35
5 38 7
5 33 80
5 4 57
5 88 27
5 99 8
5 48 2
5 2 9
5 6 40
5 40 29
5 5 62
5 49 16
5 23 6
5 52 61
5 4 80
5 99 11
5 30 10
5 37 66
5 12 58
5 18 33
5 76 83
5 41 16
5 19 6
5 26 83
5 27 52
5 92 39
5 48 9
5 19 46
5 50 41
5 95 100
5 68 29
5 41 66
5 35 10
5 94 72
5 25 82
5 82 98
5 54 19
5 23 72
5 35 83
5 59 32
5 17 46
5 65 37
5 19 74
5 40 47
5 57 61
5 68 54
5 45 57
5 89 10
5 58 82
5 25 48
5 72 46
5 63 76
5 98 54
5 29 77
5 52 58
5 44 48
5 31 74
5 35 88
5 6 48
5 14 68
5 46 52
5 71 7
5 79 2
5 56 100
5 32 11
5 78 1
5 54 84
5 64 89
5 47 60
5 6 82
5 45 50
5 94 41
5 51 2
5 70 86
5 59 5
5 2 81
5 40 36
5 35 46
5 47 4
5 78 42
5 8 30
5 72 33
5 21 42
5 28 23
5 69 55
5 3 10
5 86 48
5 59 4
5 45 90
5 46 82
5 76 44
5 11 16
5 76 42
5 20 78
5 14 33
5 85 39
5 41 23
5 94 86
5 29 51
5 95 53
5 78 14
5 78 97
5 35 83
5 85 43
5 39 96
5 19 62
5 92 91
5 73 72
5 37 30
5 42 96
5 37 91
5 55 65
5 71 93
5 90 91
5 22 60
5 12 73
5 66 27
5 71 13
5 77 21
5 92 14
5 49 52
5 4 21
5 46 76
5 15 3
5 3 9
5 3 11
5 3 23
5 3 98
5 9 11
5 9 23
5 65 98
5 11 98
5 11 23
5 23 65
5 65 77
5 65 9
5 77 3
5 77 9
5 77 98
5 29 27
5 56 93
5 45 70
5 69 22
5 96 15
5 64 68
5 50 65
5 46 22
5 20 42
5 29 5
5 36 21
5 27 20
5 76 3
5 100 89
5 35 39
5 81 56
5 45 51
5 31 33
5 24 5
5 42 45
5 70 26
5 59 13
5 42 37
5 26 70
5 15 64
5 44 71
5 98 4
5 19 94
5 93 75
5 26 63
5 62 78
5 13 52
5 24 48
5 38 80
5 5 7
5 51 62
5 17 98
5 36 2
5 7 77
5 1 21
5 25 58
5 90 16
5 13 15
5 94 62
5 77 43
5 65 28
5 98 82
5 64 54
5 98 99
5 52 57
5 95 70
5 47 17
5 35 47
5 23 28
5 62 23
5 81 47
5 70 49
5 53 94
5 26 2
5 97 9
5 85 2
5 33 20
5 16 80
5 73 25
5 93 78
5 92 93
5 57 52
5 11 67
5 12 63
5 69 49
5 41 71
5 58 61
5 16 52
5 49 23
5 84 61
5 22 49
5 64 22
5 27 20
5 35 57
5 91 56
5 10 83
5 77 71
5 48 77
5 93 14
5 64 25
5 73 40
5 63 68
5 88 39
5 84 21
5 34 98
5 20 11
5 84 67
5 67 16
5 29 6
5 5 68
5 38 96
5 68 18
5 51 4
5 35 76
5 98 6
5 26 95
5 66 44
5 85 34
5 63 75
5 26 35
5 65 77
5 82 33
5 80 7
5 85 91
5 85 99
5 67 65
5 15 56
5 56 64
5 57 83
5 11 41
5 12 30
5 66 13
5 74 75
5 53 65
5 2 87
5 70 88
5 4 33
5 53 72
5 49 88
5 8 97
5 58 97
5 77 27
5 15 28
5 30 80
5 97 7
5 87 52
5 22 98
5 39 2
5 53 43
5 10 60
5 18 2
5 46 15
5 28 34
5 42 47
5 15 14
5 83 22
5 28 89
5 81 50
5 78 7
5 100 95
5 34 98
5 2 79
5 26 59
5 40 84
5 76 4
5 18 2
5 89 92
5 92 66
5 47 39
5 18 49
5 68 91
5 34 63
5 92 63
5 96 38
5 91 98
5 74 39
5 4 99
5 75 3
5 71 24
5 39 34
5 89 1
5 57 71
5 26 40
5 20 54
5 46 91
5 58 90
5 78 48
5 2 71
5 56 98
5 19 47
5 76 3
5 26 74
5 60 9
5 33 74
5 54 8
5 19 62
5 72 80
5 49 21
5 62 92
5 6 72
5 15 43
5 55 39
5 87 99
5 68 65
5 98 85
5 10 72
5 14 13
5 6 71
5 39 13
5 52 5
5 36 43
5 33 84
5 66 60
5 88 36
5 38 5
5 13 5
5 100 56
5 65 37
5 56 73
5 33 87
5 14 16
5 60 59
5 50 37
5 77 69
5 80 18
5 60 75
5 71 8
5 96 54
5 61 71
5 94 7
5 25 45
5 75 12
5 84 60
5 15 61
5 95 24
5 24 55
5 32 48
5 75 18
5 31 68
5 85 98
5 27 24
5 7 49
5 79 30
5 73 49
5 56 28
5 7 81
5 91 1
5 33 45
5 56 13
5 12 51
5 84 41
5 76 9
5 53 21
5 34 63
5 47 97
5 53 72
5 72 53
5 37 47
5 34 10
5 72 15
5 9 92
5 96 60
5 1 77
5 8 77
5 32 2
5 47 33
5 73 46
5 68 81
5 12 43
5 84 78
5 26 83
5 47 91
5 23 68
5 46 45
5 18 58
5 72 81
5 28 54
5 47 42
5 43 90
5 49 88
5 34 66
5 34 81
5 83 74
5 69 58
5 36 85
5 84 77
5 73 52
5 15 42
5 81 58
5 83 24
5 66 5
5 11 6
5 97 29
5 48 14
5 49 24
5 92 9
5 20 99
5 66 13
5 60 91
5 74 15
5 88 64
5 87 76
5 20 92
5 31 84
5 12 54
5 11 62
5 66 55
5 88 45
5 10 99
5 69 55
5 70 5
5 47 60
5 75 65
5 25 59
5 37 94
5 94 57
5 8 97
5 34 93
5 11 12
5 62 55
5 49 73
5 16 76
5 17 30
5 6 8
5 61 15
5 52 17
5 87 1
5 91 38
5 4 84
5 14 36
5 44 61
5 21 86
5 3 93
5 26 87
5 75 19
5 73 35
5 93 54
5 27 93
5 1 36
5 27 9
5 53 82
5 57 43
5 74 76
5 50 9
5 61 54
5 37 31
5 80 52
5 74 81
5 46 40
5 62 35
5 27 39
5 11 67
5 63 86
5 76 3
5 36 20
5 68 4
5 25 12
5 69 59
5 57 60
5 6 35
5 5 25
5 19 36
5 18 11
5 5 51
5 62 14
5 5 53
5 45 57
5 27 62
5 8 32
5 80 12
5 4 21
5 90 21
5 34 61
5 64 67
5 26 58
5 58 54
5 65 42
5 64 8
5 62 69
5 74 7
5 14 38
5 12 81
5 42 35
5 58 54
5 47 79
5 57 62
5 59 27
5 15 32
5 64 34
5 8 28
5 44 74
5 53 2
5 90 82
5 95 99
5 80 87
5 68 65
5 76 58
5 23 50
5 17 77
5 44 91
5 89 100
5 98 14
5 9 55
5 62 20
5 72 39
5 59 65
5 67 85
5 55 56
5 51 52
5 69 87
5 95 57
5 39 38
5 57 67
5 60 85
5 12 96
5 53 28
5 99 35
5 76 64
5 26 6
5 39 91
5 23 38
5 11 86
5 44 5
5 1 48
5 11 92
5 13 61
5 23 85
5 75 37
5 95 70
5 21 14
5 69 29
5 66 98
5 26 73
5 25 1
5 62 41
5 78 11
5 37 34
5 47 71
5 35 54
5 55 99
5 60 35
5 2 88
5 88 12
5 43 71
5 3 5
5 17 9
5 52 96
5 25 100
5 51 93
5 2 13
5 64 38
5 90 4
5 21 84
5 89 75
5 4 10
5 7 76
5 15 35
5 20 9
5 49 100
5 78 50
5 48 14
5 80 91
5 98 97
5 19 55
5 47 17
5 43 98
5 57 24
5 80 27
5 45 81
5 92 18
5 6 44
5 62 58
5 48 11
5 60 25
5 26 53
5 13 7
5 69 56
5 81 97
5 61 66
5 86 13
5 53 21
5 1 55
5 49 83
5 23 73
5 3 17
5 86 81
5 53 94
5 62 41
5 60 11
5 64 34
5 67 66
5 25 21
5 40 37
5 5 2
5 98 37
5 21 79
5 10 13
5 100 42
5 43 32
5 28 60
5 82 47
5 98 46
5 29 53
5 16 25
5 87 14
5 81 7
5 12 4
5 88 19
5 7 29
5 14 32
5 41 70
5 83 28
5 31 4
5 54 35
5 84 78
5 99 78
5 29 66
5 47 69
5 62 25
5 47 88
5 4 85
5 66 72
5 62 56
5 16 14
5 85 71
5 38 20
5 56 11
5 14 6
5 91 65
5 43 40
5 15 88
5 59 51
5 63 81
5 16 18
5 20 10
5 60 11
5 74 21
5 35 67
5 52 66
5 92 79
5 20 31
5 80 4
5 5 15
5 68 90
5 65 19
5 18 66
5 12 22
5 8 18
5 21 10
5 74 71
5 96 57
5 90 84
5 65 45
5 19 57
5 41 86
5 10 81
5 86 90
5 34 25
5 71 64
5 82 24
5 73 48
5 70 9
5 65 63
5 64 46
5 28 70
5 11 7
5 14 49
5 41 73
5 20 85
5 61 44
5 38 39
5 18 43
5 9 77
5 44 60
5 42 30
5 89 9
5 56 73
5 25 90
5 3 68
5 45 11
5 22 100
5 59 78
5 27 98
5 83 14
5 77 68
5 8 81
5 21 95
5 26 20
5 41 60
5 68 11
5 11 46
5 94 46
5 4 49
5 7 99
5 63 23
5 67 97
5 14 100
5 47 9
5 4 58
5 60 59
5 33 10
5 16 76
5 57 67
5 13 22
5 70 59
5 63 37
5 96 36
5 72 61
5 77 93
5 56 1
5 28 40
5 37 47
5 70 8
5 77 91
5 87 86
5 50 38
5 82 41
5 84 93
5 99 14
5 41 25
5 3 21
5 24 6
5 44 50
5 100 9
5 81 47
5 72 57
5 7 55
5 52 68
5 26 67
5 67 73
5 43 21
5 48 27
5 69 26
5 1 56
5 99 31
5 14 24
5 13 49
5 1 29
5 87 44
5 37 58
5 25 79
5 3 93
5 5 93
5 8 76
5 19 88
5 8 43
5 37 34
5 87 53
5 54 7
5 77 58
5 3 24
5 23 19
5 95 44
5 57 12
5 66 64
5 98 86
5 86 66
5 63 81
5 55 80
5 65 21
5 35 23
5 56 23
5 28 37
5 17 65
5 27 58
5 77 15
5 77 100
5 25 80
5 90 79
5 27 32
5 9 14
5 61 25
5 64 54
5 27 40
5 49 62
5 62 77
5 23 58
5 63 94
5 61 39
5 52 89
5 40 98
5 39 71
5 23 72
5 77 76
5 18 62
5 4 59
5 89 30
5 75 44
5 47 82
5 79 83
5 5 49
5 87 57
5 36 37
5 55 65
5 3 78
5 81 26
5 98 76
5 91 98
5 71 40
5 98 11
5 37 32
5 95 10
5 83 27
5 65 3
5 52 61
5 48 72
5 59 2
5 34 88
5 76 3
5 75 60
5 21 4
5 56 91
5 35 63
5 53 90
5 69 46
5 8 37
5 60 99
5 28 5
5 98 64
5 11 39
5 3 82
5 36 99
5 23 4
5 95 65
5 35 60
5 3 99
5 41 46
5 5 9
5 71 60
5 78 81
5 80 13
5 81 56
5 67 98
5 27 22
5 14 60
5 41 22
5 37 5
5 59 58
5 51 86
5 46 78
5 51 38
5 26 41
5 66 93
5 63 92
5 98 20
5 55 57
5 89 34
5 93 96
5 26 100
5 18 99
5 32 29
